527	324
523	316
519	312
515	314
512	320
510	331
507	342
505	352
504	361
502	364
499	335
497	339
497	343
499	327
503	371
506	335
512	351
516	360
520	350
524	390
523	346
525	380
524	362
524	362
523	373
523	352
522	382
519	357
518	383
516	383
514	344
514	387
511	348
511	391
507	355
503	367
504	386
503	349
504	381
504	356
508	379
507	412
507	375
507	400
508	363
508	375
506	373
506	358
506	395
504	366
503	400
503	373
501	390
503	403
503	435
500	547
496	487
497	404
502	281
506	253
513	371
510	384
508	419
507	398
507	404
506	423
505	390
504	441
502	419
503	426
501	429
500	423
499	469
497	427
497	464
495	454
494	464
494	473
493	438
494	488
493	444
498	456
500	449
504	432
506	453
507	405
513	433
515	409
517	405
521	424
524	385
527	429
527	395
531	415
532	431
533	403
534	440
534	404
535	420
536	410
536	415
537	448
532	402
531	432
527	405
524	412
521	429
517	400
515	433
514	393
513	428
509	423
508	403
509	426
506	396
507	422
505	410
507	407
506	417
505	394
504	429
504	398
505	421
506	419
505	405
505	425
507	385
509	424
510	388
511	402
511	402
511	379
511	418
511	381
511	398
512	411
510	463
504	543
498	464
498	409
505	271
510	276
513	371
511	376
509	407
507	393
504	388
501	394
500	389
501	402
500	401
498	400
497	397
495	402
496	397
494	400
493	413
493	423
491	417
492	419
493	426
497	412
499	413
503	400
503	394
508	383
511	389
513	361
515	348
518	349
521	332
522	335
521	335
524	333
525	329
526	337
527	342
528	347
530	348
531	337
531	340
532	341
531	349
530	359
530	353
529	347
530	358
527	356
526	357
523	354
522	349
521	355
517	362
516	343
514	349
511	363
509	345
507	352
505	346
502	352
501	357
501	355
500	374
499	367
500	357
502	339
504	350
505	355
507	342
509	352
510	353
509	352
511	366
509	353
509	368
506	415
503	474
498	460
498	356
505	243
509	245
510	331
511	370
507	352
506	366
506	362
505	367
505	377
503	383
503	379
502	378
502	405
500	391
500	397
499	397
498	404
498	413
495	421
495	433
495	421
494	430
494	420
497	412
500	412
500	392
503	399
507	380
512	367
515	382
519	358
523	362
526	364
528	365
531	365
533	367
534	366
536	364
535	361
535	369
534	368
533	371
532	365
531	372
530	361
527	379
524	373
521	367
519	370
515	365
514	374
511	369
508	369
503	370
502	362
500	374
499	367
497	370
497	373
496	350
497	379
497	369
499	371
499	382
499	373
501	386
502	383
503	372
504	367
506	367
508	381
508	378
508	380
510	375
510	382
509	381
509	383
508	412
506	478
499	507
496	436
497	353
505	262
508	307
509	387
507	398
505	402
506	396
507	398
506	413
506	428
503	409
503	403
503	409
502	432
498	425
496	437
496	424
496	443
494	458
493	442
493	443
496	446
498	466
499	429
503	434
505	434
508	422
511	427
513	390
517	406
520	399
522	386
524	412
527	372
528	398
529	395
532	394
532	420
533	399
532	444
530	392
531	402
532	418
531	403
531	433
528	410
526	438
524	421
521	412
520	444
517	404
518	433
516	410
517	421
513	452
512	411
510	437
509	404
509	432
507	436
505	420
504	429
504	400
506	433
505	412
507	419
506	438
506	416
508	418
508	395
510	431
509	426
511	399
512	421
512	375
512	411
510	396
509	397
508	462
502	472
498	525
495	434
498	317
507	254
510	324
513	393
512	393
511	399
509	394
509	392
507	395
507	383
506	392
503	393
504	399
503	394
501	397
500	389
501	404
500	415
499	399
499	407
500	403
501	389
500	401
503	397
505	383
506	375
509	366
516	352
521	331
525	337
528	339
528	339
534	341
537	342
538	345
541	344
541	341
542	344
541	336
540	332
537	347
533	342
529	347
526	346
523	357
520	343
518	342
517	334
514	336
515	342
512	334
512	341
509	356
508	355
505	344
503	350
504	345
503	343
502	340
502	344
500	343
503	342
503	350
502	361
500	348
501	355
502	345
501	344
502	352
503	367
502	344
504	349
506	363
507	348
508	355
509	345
509	338
509	352
509	352
507	385
502	456
497	498
490	426
496	302
502	215
505	271
506	336
504	361
504	353
504	378
502	368
500	370
499	379
499	379
498	375
498	381
495	388
495	396
494	390
494	399
493	403
494	411
493	419
494	413
494	415
495	409
498	416
499	400
501	410
502	378
505	375
508	361
511	364
513	355
516	349
519	351
521	346
523	347
526	363
529	354
528	357
529	352
531	353
530	357
530	360
530	347
530	355
529	359
528	349
525	371
521	363
520	336
518	352
514	355
511	353
508	343
505	342
503	352
500	347
499	351
496	340
496	342
496	336
498	344
497	338
498	315
500	337
501	336
502	327
501	338
502	351
506	346
505	335
507	329
507	322
507	340
505	327
508	340
508	341
507	338
507	347
506	353
505	387
501	457
495	478
494	375
497	271
502	214
504	295
503	360
501	372
499	359
500	359
499	369
497	384
497	382
494	372
494	371
494	381
494	388
495	396
495	400
497	426
496	415
498	414
499	429
500	423
501	436
501	420
503	419
502	434
504	412
506	388
509	385
513	379
514	370
518	362
519	361
523	354
527	346
528	360
529	344
532	332
536	349
536	339
537	353
536	363
536	358
537	349
533	351
532	342
529	337
527	342
526	332
524	329
522	330
519	329
516	328
514	335
511	321
509	319
507	334
504	324
503	317
501	327
502	326
501	336
502	358
501	360
503	360
505	336
507	351
510	343
512	351
511	351
512	360
511	359
510	375
508	377
508	393
506	456
498	501
490	473
489	374
494	269
499	285
502	378
501	420
498	414
498	393
498	410
499	419
500	400
502	403
503	411
504	419
503	419
504	416
505	441
504	424
504	436
500	438
499	427
497	446
495	421
496	443
494	422
495	426
495	418
498	386
503	387
507	367
513	351
517	350
521	338
525	351
527	339
529	333
531	329
533	335
534	313
534	316
532	320
532	318
530	315
530	305
527	309
523	294
523	282
521	286
521	280
517	278
516	264
513	273
511	258
511	262
508	256
508	251
506	244
503	229
503	230
503	236
503	219
501	210
502	225
503	228
503	236
504	210
507	216
507	193
508	196
507	191
506	195
505	194
505	176
507	184
507	189
508	186
508	216
508	281
507	319
506	225
507	98
508	28
507	69
505	147
504	165
503	167
503	173
504	179
503	175
502	168
500	181
500	176
499	170
496	187
497	184
496	189
497	191
497	190
495	211
494	214
495	220
496	211
498	215
499	219
501	209
502	213
503	198
504	201
505	187
507	185
509	183
511	177
513	192
514	186
517	184
521	193
523	195
527	206
528	205
530	208
533	212
532	207
531	214
530	213
530	221
529	226
527	235
524	230
523	236
521	234
519	237
517	249
515	244
513	241
511	255
510	246
506	255
505	251
504	267
504	275
504	287
502	282
501	290
503	281
503	282
504	275
504	267
504	284
505	289
504	290
502	293
500	295
500	334
498	401
496	443
494	352
498	259
503	197
504	255
507	308
506	347
506	348
504	359
505	361
507	371
508	377
508	379
509	387
508	399
508	415
506	415
506	417
504	441
503	433
503	455
501	456
501	457
500	474
498	461
498	476
499	468
499	462
501	463
503	457
505	454
508	466
508	470
510	467
513	466
515	471
518	484
519	483
522	496
522	496
523	498
523	504
525	520
525	541
527	523
526	532
526	532
526	547
526	553
524	542
521	557
519	546
516	556
515	565
512	562
510	572
509	570
507	570
506	563
504	587
503	595
502	591
501	590
501	586
501	596
501	586
503	594
504	606
504	603
505	596
507	602
507	620
509	659
510	706
510	716
512	629
513	506
517	503
518	572
516	620
514	620
513	617
511	623
509	622
508	624
507	623
506	623
505	638
501	647
500	633
499	639
496	652
493	638
491	657
491	648
490	652
491	650
492	645
495	648
499	633
503	632
507	613
512	605
515	614
518	586
522	597
525	589
529	586
533	588
535	592
537	595
537	582
538	589
538	598
538	585
538	592
538	589
537	584
536	594
535	576
533	575
532	568
528	572
527	571
524	569
521	558
519	560
517	558
516	559
513	560
509	554
506	547
504	550
503	561
500	565
499	554
498	540
498	538
497	546
498	550
500	532
501	536
503	554
505	523
506	559
506	574
506	633
506	668
504	612
505	510
510	414
516	466
516	532
515	558
513	550
513	553
511	548
510	542
508	548
508	563
509	547
508	551
508	563
507	551
507	555
505	577
503	551
503	556
503	568
503	567
502	551
502	547
503	546
503	528
505	520
505	503
507	484
509	482
513	466
517	463
520	446
527	446
528	451
531	431
535	428
538	428
540	420
542	407
544	404
544	407
543	380
543	374
541	370
539	358
537	358
533	342
531	329
527	317
525	308
522	301
521	274
517	256
514	251
513	245
510	228
509	201
507	197
505	179
502	171
500	163
500	149
499	130
500	101
500	95
500	75
503	53
503	45
502	23
504	17
505	0
506	0
507	0
506	0
507	0
511	0
511	0
513	20
513	21
512	0
511	0
512	0
511	0
511	0
510	0
510	0
508	0
509	0
509	0
509	0
507	0
505	0
505	0
504	0
503	0
502	0
502	0
501	0
500	0
502	0
502	0
503	0
502	0
503	0
503	0
503	0
504	0
504	0
504	0
504	0
503	0
503	0
504	0
503	0
504	0
505	0
507	0
508	0
508	0
512	0
513	0
516	0
518	0
521	0
524	0
527	0
528	0
530	0
532	0
532	0
534	0
535	0
537	0
536	0
535	0
534	0
533	0
530	0
528	0
527	0
525	0
524	0
522	0
520	0
519	0
517	0
516	0
515	0
514	0
510	0
507	0
507	0
506	0
504	0
503	0
502	0
502	0
503	0
502	0
502	0
502	0
501	0
500	0
502	0
502	0
502	0
502	0
503	12
504	38
505	57
505	67
505	72
506	77
507	97
508	125
508	128
510	170
511	247
513	305
512	289
514	181
515	79
515	124
513	212
510	273
507	281
507	290
506	315
504	328
501	338
500	361
496	380
494	398
491	415
488	440
484	442
484	463
482	483
481	495
480	515
481	529
483	552
485	543
486	560
489	564
493	570
495	573
498	579
502	582
506	579
511	579
516	591
520	603
521	609
525	620
527	635
529	625
529	663
529	669
529	654
529	668
528	688
525	699
523	699
523	710
519	718
518	721
515	730
512	727
509	734
507	735
506	734
505	734
502	738
503	738
501	739
502	740
501	740
500	740
501	740
501	739
502	741
502	740
504	741
505	741
504	741
504	742
505	742
505	742
507	742
507	739
507	742
508	742
508	742
507	743
507	743
506	743
505	743
506	741
507	741
508	742
507	741
508	742
507	742
506	742
505	743
503	743
502	743
501	743
499	739
499	743
498	743
498	743
497	743
498	743
498	743
498	743
498	741
501	742
502	743
504	743
504	743
507	743
506	742
508	743
508	742
510	742
511	742
514	741
515	741
518	741
521	740
524	740
528	740
530	740
530	740
533	739
533	738
533	738
532	733
531	724
529	715
527	715
525	706
523	694
521	695
518	693
514	687
513	689
510	689
509	686
507	674
506	673
506	662
505	662
504	663
503	667
502	668
501	655
501	657
502	653
504	646
504	634
505	629
507	638
507	631
506	634
505	630
506	639
504	696
501	734
499	722
501	629
504	496
510	493
512	562
511	604
511	595
510	613
509	603
507	594
507	603
506	588
505	603
505	593
503	595
504	596
503	579
503	604
502	605
502	607
502	602
503	608
503	615
505	592
506	601
507	581
507	575
508	565
509	551
510	544
512	524
514	517
515	529
516	515
518	520
521	509
521	514
524	515
524	514
525	509
526	503
527	499
526	494
525	504
524	489
525	490
525	490
523	484
522	493
521	486
521	468
520	471
519	461
517	474
514	462
512	461
512	455
512	440
510	453
508	445
505	441
504	453
502	447
499	449
499	437
501	433
501	435
500	424
501	421
502	412
503	420
504	408
506	403
508	436
506	496
502	546
498	494
501	379
508	268
513	296
516	386
516	400
514	404
514	391
513	395
513	396
513	375
510	398
509	387
507	409
504	389
502	389
500	406
500	411
499	419
499	405
497	412
498	420
497	411
497	400
498	386
499	399
500	394
502	375
505	360
509	358
511	363
514	342
517	343
521	346
524	332
526	344
530	331
532	347
533	348
533	343
532	347
533	344
532	353
530	344
527	343
527	344
526	337
524	335
521	331
519	344
517	331
515	334
512	349
511	342
508	338
507	325
504	331
502	329
503	286
503	305
503	308
502	321
501	320
501	321
502	322
503	330
503	333
503	329
504	337
505	346
506	347
505	349
505	333
505	381
502	456
499	468
495	422
500	317
505	231
510	267
511	337
512	362
509	365
507	366
507	373
506	376
506	373
505	383
504	397
504	387
501	386
501	400
499	405
499	395
499	397
499	402
498	394
500	410
500	412
500	423
499	417
503	414
505	403
510	374
511	371
514	362
515	367
517	375
519	382
521	388
522	382
524	381
527	380
531	377
532	383
535	373
537	389
536	380
537	381
536	389
535	394
532	387
533	377
530	382
528	388
525	382
520	384
518	383
514	389
512	370
511	374
509	372
506	360
504	367
503	358
500	366
499	358
498	380
496	386
498	367
500	375
500	355
503	360
502	364
503	365
504	379
503	368
506	377
507	379
509	394
508	450
504	495
498	456
501	371
510	272
514	285
517	356
516	393
514	390
511	397
509	395
507	383
505	395
504	403
502	393
502	397
501	417
498	424
497	423
496	423
497	432
497	436
495	444
497	439
499	448
500	443
502	443
506	436
508	428
509	416
513	388
515	404
518	395
520	398
522	406
523	401
525	409
524	401
526	414
527	404
527	394
529	413
529	402
529	413
529	404
530	416
528	423
529	410
529	418
529	424
527	423
524	406
524	403
521	416
520	413
519	417
516	412
515	416
513	411
514	413
509	414
506	407
504	416
501	401
501	403
498	408
498	403
496	420
495	431
495	413
497	420
499	409
500	403
504	405
506	404
508	403
510	399
511	406
511	389
512	408
510	455
505	497
499	490
498	397
504	290
510	288
512	373
511	402
510	394
510	388
510	388
509	386
510	392
507	390
506	383
507	377
504	381
502	373
501	370
500	376
500	374
498	374
498	368
499	370
503	352
503	361
505	351
505	338
508	327
511	313
515	296
519	289
522	266
525	266
528	261
530	251
533	239
536	234
537	237
538	232
539	232
538	210
538	203
536	211
535	199
534	196
532	190
530	185
528	173
526	170
522	184
520	165
517	164
514	157
512	145
508	150
506	140
505	145
503	130
500	131
499	128
499	114
500	123
499	115
498	117
498	108
499	109
501	103
503	94
505	106
506	111
508	97
508	82
508	89
509	96
508	89
507	72
508	81
508	76
508	81
508	90
510	74
508	81
506	122
505	171
505	221
504	146
505	38
504	0
504	0
505	5
503	62
503	95
503	96
504	85
502	92
501	100
501	104
500	113
499	112
500	97
500	119
502	112
502	119
502	133
500	131
500	145
500	148
499	151
498	143
499	151
499	147
502	148
503	142
503	127
505	129
505	128
509	108
511	113
514	116
517	113
518	119
522	106
525	115
526	119
526	115
527	117
529	129
530	137
530	132
529	136
527	131
526	138
523	138
521	132
520	153
517	151
516	147
513	155
511	156
510	150
509	158
507	172
505	161
504	166
502	169
502	178
503	186
504	170
503	189
503	195
504	183
504	201
503	195
504	202
504	220
504	238
502	223
504	222
504	229
504	219
504	225
506	223
505	234
505	241
506	252
506	252
505	239
506	281
504	356
501	395
498	348
500	229
501	135
501	186
502	270
501	309
500	298
501	305
500	313
500	317
497	329
498	330
496	342
495	348
493	351
492	361
492	374
491	385
492	382
493	402
493	402
495	405
495	421
496	424
495	429
497	417
498	408
499	409
500	405
502	395
506	400
509	402
513	391
517	403
520	400
522	399
525	412
526	409
526	437
524	433
525	423
527	435
525	444
522	461
522	451
521	449
519	468
520	455
518	463
516	466
514	470
512	471
511	482
508	485
506	489
505	483
503	498
502	496
501	498
500	493
501	504
499	501
498	510
498	506
499	524
502	532
503	543
504	521
505	526
505	529
504	537
505	531
506	532
506	538
505	543
505	551
504	553
505	578
502	652
500	684
498	623
498	511
501	423
507	488
505	548
504	589
502	588
500	580
499	588
499	585
497	601
496	589
496	603
496	598
494	599
493	613
491	616
492	587
494	570
494	581
497	588
498	583
500	594
501	585
504	591
505	576
506	583
506	588
507	553
509	566
510	540
512	561
514	589
515	583
518	603
519	581
520	590
521	578
521	588
521	572
523	527
525	539
524	522
524	541
524	538
522	529
521	545
520	526
519	543
518	529
516	540
513	539
511	520
510	547
508	517
508	514
510	526
509	511
507	523
506	518
506	523
505	520
504	526
504	533
503	517
503	533
502	518
503	521
502	531
503	513
503	530
504	516
505	522
507	516
507	519
505	590
503	616
501	623
502	526
503	391
513	376
517	449
513	518
509	498
506	512
504	510
503	500
502	548
501	527
502	544
500	530
500	530
500	544
499	518
498	509
497	490
498	499
500	515
499	506
499	512
500	522
501	550
501	520
503	511
505	514
507	493
507	496
510	467
513	457
515	451
518	440
521	452
524	434
527	443
529	433
531	439
533	442
534	429
534	440
532	424
531	430
530	424
529	412
528	421
525	423
522	418
520	410
518	408
517	422
514	393
512	409
509	401
506	397
506	401
503	393
500	406
499	382
500	383
499	382
498	392
497	402
499	394
497	396
499	380
499	386
502	379
503	376
506	388
509	370
511	382
512	381
514	376
512	421
509	477
503	517
501	420
505	285
511	237
512	315
512	373
512	366
508	380
507	382
505	385
502	379
501	375
500	388
499	392
498	386
498	380
497	383
496	399
496	392
497	412
497	400
496	413
497	422
498	403
499	407
503	396
504	396
508	384
508	382
509	373
512	370
513	368
515	357
518	351
520	352
523	347
524	357
525	359
528	366
528	359
529	367
530	371
531	357
532	365
532	367
532	364
530	367
527	374
523	362
522	363
520	379
517	372
513	359
511	375
507	358
506	363
503	366
501	369
500	361
500	366
500	381
501	388
500	377
501	363
502	368
503	374
504	362
504	370
505	360
505	375
505	366
508	372
507	374
506	377
505	451
501	504
496	486
497	357
507	242
512	272
514	339
514	374
512	381
510	376
505	403
503	390
505	387
502	390
501	397
499	396
498	388
497	401
496	426
494	422
495	430
496	341
500	332
505	358
507	371
506	379
505	387
505	387
506	380
506	376
507	370
509	364
511	361
515	347
518	354
520	372
521	388
519	396
521	394
522	392
524	399
526	400
527	402
527	375
528	404
527	389
528	392
527	388
526	392
524	402
520	399
517	386
518	380
514	390
513	383
512	386
512	383
511	382
509	394
509	381
509	381
505	374
503	381
502	387
501	385
499	404
497	401
499	385
499	387
501	375
504	380
504	379
506	374
508	381
508	381
509	384
511	390
511	458
507	499
499	487
501	387
509	262
514	263
517	344
516	390
513	401
510	392
508	397
508	393
506	401
505	407
505	325
507	325
507	345
503	372
500	372
499	396
497	409
494	405
494	413
493	430
494	427
495	423
497	427
498	435
500	428
500	411
501	398
504	394
507	411
512	397
516	390
522	382
525	388
525	405
526	389
528	396
530	392
531	388
533	402
533	389
532	394
531	397
530	407
528	409
527	397
524	400
520	393
517	415
515	398
513	398
513	395
511	400
508	397
509	404
505	394
507	394
505	397
505	397
504	384
504	379
502	386
501	393
499	410
500	394
500	398
502	375
504	379
504	379
506	383
508	368
511	372
511	393
512	375
513	375
513	408
512	456
508	518
503	428
506	339
513	243
517	283
518	359
516	376
511	377
509	378
506	386
502	391
502	383
501	394
500	392
500	392
500	398
501	394
499	412
497	418
496	427
495	425
495	414
494	438
494	422
495	428
498	423
500	417
503	409
507	391
511	395
513	384
517	384
519	356
522	362
525	371
527	366
527	361
530	360
533	365
533	376
534	378
535	373
535	367
536	373
535	369
534	367
532	381
531	369
529	367
526	355
524	357
521	362
519	356
516	370
514	360
510	359
508	363
507	350
506	359
506	361
501	355
501	355
500	353
499	349
500	359
500	375
498	365
499	362
500	354
502	350
503	354
506	345
507	352
508	349
510	338
511	345
512	336
512	361
510	413
507	468
503	432
504	337
507	218
511	221
512	313
511	338
508	341
506	335
504	346
502	349
501	357
501	359
499	340
501	353
500	360
500	362
500	361
501	369
500	379
501	369
502	379
501	380
503	376
504	386
504	363
506	369
508	357
510	337
513	341
516	326
518	315
522	316
524	303
526	296
528	292
531	299
534	292
534	302
534	299
535	299
535	315
534	300
534	296
533	297
532	297
529	298
526	292
525	297
524	268
522	281
519	258
518	242
517	246
514	241
511	226
508	220
507	222
502	217
500	201
499	198
497	181
497	171
495	160
496	137
493	121
494	103
495	99
495	110
497	120
499	117
502	118
504	115
507	124
508	121
508	106
510	98
511	80
511	59
511	56
510	68
511	43
511	56
511	113
511	155
510	157
509	60
508	0
507	0
508	0
508	0
507	38
506	59
504	49
504	38
505	29
504	34
504	41
504	30
502	38
501	49
501	58
501	73
501	76
502	73
502	82
502	82
501	101
500	103
501	102
500	137
500	148
500	172
502	171
501	157
500	146
501	135
503	142
506	137
510	130
512	109
516	87
518	81
520	65
523	70
524	79
529	63
529	96
533	122
535	111
536	112
538	131
537	134
536	135
536	150
532	156
529	150
527	171
524	170
521	172
519	194
518	180
515	184
510	199
508	212
505	208
504	211
501	230
499	239
498	239
496	237
496	261
496	254
498	241
498	256
499	249
500	258
504	262
506	277
509	279
511	279
511	316
510	323
511	336
509	326
509	331
508	344
508	351
506	358
506	370
504	377
502	374
502	373
501	404
499	453
494	509
489	490
491	394
498	275
506	287
509	385
507	422
506	405
508	428
506	426
505	383
506	386
507	394
505	397
504	389
502	395
499	404
495	430
493	411
495	406
495	414
496	409
499	419
498	419
499	415
500	423
501	406
504	419
505	400
508	372
513	341
518	316
522	304
526	288
527	291
529	291
531	319
531	322
534	298
536	301
538	307
536	308
537	320
537	316
535	323
533	333
530	325
528	338
525	331
523	339
520	338
518	349
516	350
514	353
511	369
507	371
502	388
500	373
499	376
497	384
495	395
494	404
495	395
497	404
497	424
497	411
498	409
501	408
501	412
503	404
503	430
505	436
504	435
507	435
510	424
511	425
512	429
513	428
512	438
512	445
511	449
509	446
509	436
508	472
506	533
502	571
500	510
501	415
506	318
512	353
513	433
511	457
508	452
508	448
507	445
504	448
503	469
501	482
500	490
499	481
497	506
494	505
492	514
493	508
491	521
494	521
495	525
495	545
497	557
499	562
500	546
501	537
503	537
506	526
507	521
510	503
513	507
516	471
519	468
520	468
525	473
528	486
530	470
532	489
534	492
536	503
538	527
536	518
534	523
534	533
533	527
531	533
529	544
526	558
523	548
521	545
516	559
514	549
512	561
509	542
507	559
503	562
502	555
502	553
502	550
503	552
502	552
501	557
500	565
500	559
500	555
501	557
501	558
500	566
501	570
502	547
504	550
505	556
507	550
508	549
510	548
512	521
514	520
514	513
514	513
513	508
514	494
513	500
513	488
511	481
510	516
506	573
502	614
500	534
499	441
505	346
511	383
509	454
505	473
503	472
503	470
501	477
500	476
499	478
500	487
500	480
497	484
498	492
497	489
496	495
498	480
498	493
498	504
498	496
497	505
499	484
501	501
503	490
504	489
504	461
508	456
509	446
513	432
517	423
520	408
523	412
526	410
529	410
531	413
535	401
536	408
537	394
539	418
537	413
536	403
534	406
532	416
531	405
528	413
526	411
525	417
522	397
520	406
517	395
514	396
512	409
510	398
508	409
506	399
506	399
505	395
504	391
503	395
503	391
504	388
505	388
505	390
507	385
508	381
509	379
509	382
511	393
509	397
509	392
508	382
510	377
511	383
510	370
511	373
511	380
511	363
512	369
512	378
512	384
511	462
508	508
501	467
503	346
509	234
514	269
516	339
514	372
510	380
509	373
505	379
505	370
506	369
505	377
503	395
503	373
501	393
498	389
498	381
499	404
498	394
500	411
501	425
501	420
502	422
502	412
502	417
504	423
504	412
508	398
510	385
514	366
516	347
520	345
522	349
526	352
528	360
529	337
531	348
533	346
537	355
538	357
538	351
537	349
537	350
537	347
536	356
534	345
533	347
531	342
528	349
524	341
521	354
517	345
514	347
509	347
506	341
502	354
497	347
496	357
494	363
493	350
493	351
495	352
495	350
495	359
495	352
498	359
500	364
501	374
501	375
502	395
501	388
502	385
504	389
505	384
506	382
506	380
508	371
510	382
510	374
509	386
508	405
506	469
500	517
496	421
500	320
507	213
511	276
511	354
510	369
506	383
504	378
502	385
499	393
497	388
497	378
498	384
498	395
498	398
496	414
495	434
494	425
496	435
496	431
498	446
497	445
500	443
500	454
500	453
501	448
503	418
506	425
507	415
510	394
515	405
518	397
521	395
524	402
527	389
530	396
532	395
533	399
533	397
535	397
536	405
536	398
535	410
537	387
536	392
534	397
532	389
528	394
525	396
521	402
518	397
514	400
513	396
509	395
508	402
505	400
503	392
501	396
499	398
499	392
497	388
499	396
501	399
500	409
499	403
502	384
504	385
507	378
508	394
508	375
511	387
510	389
509	379
509	385
508	375
509	413
508	471
504	504
503	437
508	327
514	233
519	277
521	340
520	373
519	343
517	370
514	371
514	359
512	369
510	353
510	329
508	321
507	325
505	334
505	335
503	338
502	327
502	342
501	348
501	346
501	334
502	337
502	345
504	328
506	319
506	321
507	307
508	292
510	274
512	285
514	267
516	268
517	276
519	264
522	266
524	265
526	262
527	262
530	248
532	256
532	241
534	243
534	234
534	242
534	226
532	216
531	245
527	224
526	206
522	223
520	199
517	208
514	199
510	214
507	206
506	196
503	206
501	190
500	185
499	198
500	206
499	200
501	184
502	197
504	175
506	175
507	183
509	177
510	182
510	162
510	177
509	190
511	233
510	299
510	257
511	155
514	34
513	48
513	126
514	161
514	171
513	164
512	171
510	171
511	179
509	187
507	172
508	172
507	183
507	190
506	188
507	197
503	202
502	192
501	217
502	217
501	215
502	213
501	209
504	215
507	216
507	200
508	202
510	173
512	161
513	137
515	152
517	153
519	135
521	169
522	157
525	165
528	172
531	175
533	183
536	176
537	176
538	192
539	195
538	190
536	194
534	208
531	195
529	205
526	207
523	207
518	208
515	224
509	225
506	212
501	211
500	210
497	207
496	201
495	190
495	204
495	173
497	187
497	215
499	207
499	208
503	201
504	192
507	204
509	192
513	193
514	196
514	192
514	196
512	195
509	211
510	244
508	303
507	332
508	240
509	119
509	71
510	139
510	203
509	205
507	206
505	208
504	206
503	205
503	211
502	217
501	202
500	217
500	219
501	216
500	222
502	219
504	226
505	230
505	246
505	226
507	220
506	234
507	213
509	219
511	200
511	191
510	170
513	168
514	157
516	143
518	152
523	146
526	149
527	156
531	165
533	165
536	145
537	157
535	149
535	153
533	165
532	144
530	174
530	163
529	165
526	180
525	159
523	161
521	161
519	178
515	166
514	157
511	168
509	170
506	176
507	188
505	167
504	182
505	179
505	190
504	203
505	215
503	214
506	194
505	211
507	197
505	215
507	217
507	221
508	219
509	218
510	237
510	249
510	268
511	338
509	387
507	345
509	230
511	155
512	181
514	264
511	304
509	293
508	300
507	310
506	322
503	343
503	336
501	359
499	357
497	366
498	348
497	369
495	396
495	387
496	420
495	432
496	432
497	432
499	422
498	430
499	432
499	425
502	418
502	432
504	429
507	412
513	421
516	403
520	427
522	430
528	430
529	436
533	425
535	441
537	446
537	439
537	460
535	447
533	461
531	447
531	463
527	469
525	457
524	470
522	461
519	460
517	467
513	476
511	467
510	463
510	482
508	477
506	473
503	483
503	466
504	469
505	468
504	463
503	463
501	455
505	464
506	464
509	467
510	463
512	458
512	450
516	427
518	440
519	426
520	426
521	439
520	436
519	416
519	420
517	446
514	487
507	526
503	490
503	375
510	268
516	278
518	365
515	388
513	378
510	372
509	371
505	373
503	370
503	366
502	366
504	377
502	376
503	357
502	370
504	374
504	358
504	375
503	379
504	387
505	372
506	368
507	386
507	357
508	349
511	328
514	306
519	310
522	286
525	281
526	282
527	279
530	279
530	269
529	283
531	281
530	276
531	273
530	275
532	277
532	264
533	282
530	264
530	276
526	278
524	287
521	280
520	264
519	271
515	276
512	273
510	285
509	268
507	294
504	282
501	285
498	283
498	277
498	284
499	284
498	311
499	309
501	294
502	307
504	310
506	313
508	306
510	321
511	342
512	337
510	345
511	334
511	343
508	351
508	344
506	355
505	352
505	367
504	369
504	378
502	399
500	430
496	499
491	529
492	434
496	310
505	274
510	370
509	423
507	431
503	434
504	450
502	446
500	443
498	468
496	459
495	485
491	480
490	492
488	504
485	499
486	512
485	519
489	529
490	549
493	557
492	576
495	584
497	571
501	582
503	571
507	564
511	548
514	560
518	565
521	565
521	581
525	570
525	583
528	579
529	597
528	590
528	582
530	614
530	589
529	608
529	601
530	586
530	598
530	596
526	613
526	598
525	616
524	623
522	615
522	617
521	603
521	627
516	637
513	630
509	646
504	644
498	664
493	643
490	644
486	655
484	651
484	656
484	669
485	663
487	654
493	662
495	669
498	675
503	688
508	680
513	676
516	687
518	681
521	688
521	696
521	702
520	683
519	704
515	710
514	706
511	737
507	740
504	741
504	739
502	675
506	594
508	647
506	715
503	714
504	711
503	707
503	703
502	715
502	710
502	709
501	710
502	705
502	716
500	706
500	722
497	730
497	730
494	732
494	728
491	734
492	732
493	729
491	728
492	720
494	717
497	696
500	695
501	685
506	669
509	674
513	662
517	664
519	663
524	660
527	669
529	677
530	668
532	652
533	661
532	650
533	656
532	660
530	638
530	650
528	635
525	626
521	628
519	624
516	619
515	604
512	620
509	609
506	584
506	578
505	571
504	579
505	562
506	551
505	551
504	545
505	554
504	530
505	551
504	554
506	544
505	551
504	534
504	523
505	516
505	520
504	520
504	510
504	506
504	516
504	514
502	548
502	596
502	645
499	580
500	483
504	373
514	403
515	486
509	511
505	523
504	509
502	506
500	508
499	506
501	357
507	331
511	368
510	368
509	387
505	401
503	404
501	427
500	433
498	445
496	461
495	465
493	474
493	474
492	480
491	480
494	457
496	462
498	443
504	432
508	435
511	459
511	542
510	541
511	544
514	521
517	539
520	537
522	520
523	526
525	520
527	518
527	522
528	513
528	528
529	511
528	523
526	501
525	484
523	495
522	479
519	489
516	471
514	477
512	472
510	464
507	476
505	451
504	461
502	460
500	454
500	452
501	438
501	449
500	437
503	428
503	426
504	414
504	420
506	400
508	414
509	413
508	400
511	396
513	390
513	410
512	442
508	500
502	504
501	402
506	299
510	242
515	329
514	364
511	380
508	379
506	381
503	384
501	377
503	386
501	384
503	379
502	383
500	389
500	388
498	398
497	395
498	411
496	409
494	415
496	402
497	405
497	414
498	390
500	406
503	375
504	362
506	360
509	349
511	347
514	320
517	344
518	326
520	329
524	342
525	333
526	347
528	337
530	338
529	336
531	338
531	344
530	330
529	331
528	333
527	332
526	331
523	326
521	327
519	318
516	322
513	322
509	314
506	327
503	313
501	315
500	307
501	312
500	319
500	309
500	298
501	295
502	302
502	298
502	304
501	312
502	293
503	286
503	281
505	275
506	279
506	267
506	264
508	260
509	273
510	257
509	253
509	301
510	339
508	387
504	298
505	189
504	95
507	136
507	224
506	229
503	211
503	216
502	215
500	216
500	218
498	215
498	200
497	211
496	223
495	205
495	211
495	216
494	216
494	213
497	215
497	231
499	210
501	205
501	207
502	195
504	198
505	176
506	155
508	153
511	146
511	137
512	122
515	132
519	118
521	123
524	114
528	114
529	128
530	135
531	117
531	106
532	113
531	120
531	111
529	112
528	107
526	111
523	122
522	102
519	108
517	95
514	112
512	101
511	105
508	117
504	105
503	121
500	111
500	109
499	121
498	112
497	123
497	127
497	145
498	158
498	158
498	166
499	150
502	163
502	165
506	156
507	171
508	157
507	163
507	180
507	185
506	225
506	289
504	333
503	241
505	125
507	65
509	135
508	216
507	216
507	230
505	245
504	248
501	245
501	256
499	266
498	269
497	297
496	294
496	295
496	327
496	317
497	344
498	344
500	357
501	369
502	361
502	378
501	372
503	368
502	358
503	344
504	351
507	345
509	345
511	342
514	358
516	356
518	360
520	375
520	372
522	381
522	392
523	400
523	419
523	399
525	420
523	426
523	432
522	438
520	429
519	447
515	456
514	457
514	461
512	460
511	463
511	458
510	467
507	472
507	461
506	477
504	471
502	484
499	478
500	478
499	473
500	475
500	481
501	483
502	499
500	500
499	503
501	515
501	500
504	516
504	508
505	504
506	513
507	521
506	530
508	527
509	535
507	529
507	539
505	572
503	618
502	680
499	593
500	482
504	405
510	447
507	524
503	545
501	556
499	556
496	548
498	572
495	557
495	573
494	566
496	567
497	583
497	582
498	593
499	594
499	608
500	617
502	608
503	618
503	603
503	607
503	588
505	591
504	599
504	584
505	586
505	557
509	554
511	551
514	540
517	542
520	535
523	552
524	543
529	546
533	544
534	535
535	546
535	544
535	546
534	543
532	531
529	552
527	535
525	536
521	539
519	522
516	547
514	519
512	529
509	528
508	521
507	528
506	518
505	522
503	529
504	521
502	510
501	508
500	502
499	494
499	500
500	499
502	509
503	514
503	498
504	501
505	477
506	482
508	490
509	473
509	489
509	473
509	478
510	485
512	489
513	510
511	547
509	623
507	581
506	487
508	372
516	370
517	460
512	485
507	498
506	500
503	510
501	496
500	515
498	514
499	493
498	513
496	515
495	515
492	521
491	518
493	544
493	533
495	535
497	542
498	541
501	526
503	525
504	530
504	527
508	512
511	503
512	488
513	475
513	468
515	464
517	472
517	459
521	474
521	462
524	473
523	475
528	467
529	481
531	474
533	473
534	475
534	470
533	474
533	467
534	477
530	469
528	469
526	472
524	471
521	475
517	448
516	454
514	456
513	456
509	463
505	444
505	462
501	437
502	433
500	442
500	437
499	446
498	449
497	447
495	432
498	441
499	441
499	425
501	421
503	409
504	418
504	432
505	419
506	411
508	407
512	413
514	416
515	408
515	466
510	501
506	540
505	436
509	331
514	293
519	355
519	412
514	419
512	415
510	423
507	422
505	430
503	420
502	436
500	452
496	440
494	450
493	449
493	463
492	464
491	456
492	460
494	458
495	471
496	467
500	469
503	463
507	449
509	442
512	428
514	427
518	408
522	385
528	391
530	378
532	393
534	367
537	373
537	377
540	371
538	391
539	376
539	379
539	375
538	395
536	402
535	389
533	391
529	391
527	401
524	409
523	397
521	415
518	413
515	421
514	419
512	411
511	417
508	420
506	425
506	414
504	428
501	430
501	407
500	412
502	410
503	418
502	422
504	419
504	440
504	431
506	415
507	405
509	392
511	383
514	386
515	387
516	383
516	386
515	390
515	383
515	400
513	452
507	517
501	478
503	365
509	262
513	264
514	361
513	388
509	381
508	379
508	388
505	399
503	385
502	408
500	402
499	400
499	404
497	409
496	411
494	401
496	408
496	418
494	423
494	429
496	417
498	428
500	422
502	415
504	406
507	386
511	390
514	380
519	373
522	372
524	356
525	371
528	341
531	350
534	345
535	358
535	359
539	345
539	363
538	358
537	357
535	353
534	333
533	355
532	352
530	368
528	361
526	352
523	347
522	336
518	351
513	338
511	354
506	345
503	328
502	335
500	343
500	343
498	342
499	344
498	355
499	338
500	356
501	349
503	350
505	361
506	367
508	355
510	364
511	372
510	373
511	366
510	358
511	346
511	359
512	356
512	361
511	364
512	360
512	371
511	360
510	368
509	386
508	451
503	505
497	434
499	339
504	233
508	282
508	368
505	382
504	379
502	367
502	378
500	387
500	383
500	388
498	382
498	398
495	391
497	389
497	399
495	397
494	421
493	412
494	422
494	421
496	417
498	422
500	416
502	415
504	407
505	387
508	394
512	364
517	371
522	349
525	365
526	352
530	358
532	364
534	347
536	348
538	360
541	348
541	358
540	354
540	369
538	355
536	357
532	356
530	348
526	358
522	349
520	351
517	352
515	175
516	85
518	80
516	112
512	118
511	123
509	161
506	144
506	147
504	165
503	173
500	170
501	171
501	201
503	201
503	203
504	201
505	196
506	218
510	224
512	274
514	271
515	264
515	269
516	264
515	277
516	268
514	259
512	268
513	275
513	271
512	317
511	374
506	396
506	323
505	215
507	109
507	202
508	257
506	272
506	287
505	274
504	300
502	307
501	321
500	320
500	302
501	331
500	317
499	320
497	309
496	315
497	327
496	332
496	335
497	325
500	350
501	333
503	329
505	324
510	311
513	321
514	293
517	304
518	422
512	409
513	405
514	384
518	373
520	372
526	368
529	368
533	365
535	378
535	363
535	358
536	351
536	351
535	360
533	339
531	345
529	336
527	339
523	350
519	324
517	334
514	331
511	327
508	322
505	311
504	314
503	303
502	307
500	301
501	287
501	298
501	291
501	307
501	285
501	280
504	290
505	284
505	291
507	285
508	275
509	285
509	265
508	266
508	274
508	270
507	277
508	264
508	267
508	281
508	362
505	397
503	370
504	280
507	152
510	180
512	250
512	295
507	301
507	297
507	316
506	313
504	316
504	325
502	320
501	343
500	332
500	350
501	342
501	360
500	365
501	361
501	373
501	370
502	396
501	383
502	391
502	383
502	375
503	377
505	343
510	349
511	346
515	336
518	338
521	334
523	357
526	345
530	348
531	361
532	352
534	364
535	363
536	365
535	369
536	370
534	381
531	378
531	374
529	365
529	362
528	369
528	357
527	381
523	349
522	357
519	368
517	371
515	377
512	355
510	369
507	376
503	367
502	373
502	370
502	374
504	377
506	384
504	381
506	377
508	391
509	373
509	383
508	396
508	393
508	402
507	393
507	381
508	375
507	389
505	372
506	377
507	396
507	386
504	386
504	392
503	406
500	482
496	522
493	485
495	373
502	275
507	295
511	375
510	426
507	408
506	419
506	410
506	415
506	418
504	419
503	437
502	432
500	436
497	444
497	440
496	454
496	453
495	447
495	472
496	467
496	471
496	458
499	465
501	453
502	452
505	456
507	411
510	422
514	397
518	394
521	402
525	398
527	415
528	393
532	402
534	411
534	403
536	403
537	395
536	417
536	404
536	412
535	417
531	412
529	413
526	419
523	407
522	408
521	413
517	417
514	405
511	427
508	410
507	403
506	409
505	406
503	420
501	406
502	418
501	411
503	408
501	415
501	403
502	423
501	401
504	395
505	410
505	398
506	395
507	398
509	404
510	384
512	381
512	383
515	359
515	377
515	365
516	373
514	376
513	361
512	378
511	369
511	376
510	432
506	490
498	495
497	370
503	257
507	260
508	343
508	377
506	383
505	391
504	383
505	389
505	390
506	380
503	406
501	399
502	405
499	407
499	410
499	421
499	416
498	429
497	424
497	425
497	433
498	423
498	441
499	428
500	430
502	412
504	412
507	399
511	389
515	384
517	361
521	352
523	363
526	361
528	366
531	347
536	374
537	361
538	361
538	333
540	119
543	125
542	146
541	150
539	149
537	158
535	177
531	159
529	186
523	193
520	183
518	215
513	205
512	218
510	227
511	233
508	244
506	245
504	263
501	257
500	261
500	273
500	285
500	286
501	278
502	291
502	293
504	330
505	327
504	321
505	344
506	324
507	340
507	333
508	328
510	342
510	322
512	345
510	341
511	353
509	429
504	466
500	430
502	325
506	229
508	261
510	331
509	369
508	359
508	378
505	379
504	380
504	385
504	375
503	393
501	385
501	406
498	407
496	404
497	424
493	420
494	441
494	446
493	471
490	483
489	462
491	464
492	458
496	457
497	446
501	424
505	415
511	401
516	408
518	532
516	562
516	547
522	522
526	540
528	521
532	517
534	519
536	499
539	519
540	495
542	497
540	508
538	489
536	493
536	488
533	484
531	486
528	477
523	475
520	473
514	463
513	453
512	465
508	448
507	453
504	451
504	435
504	459
502	428
503	425
502	434
501	430
502	426
503	419
504	426
504	428
506	408
507	420
509	409
510	406
511	389
513	394
514	393
513	386
513	404
512	389
512	402
509	468
503	502
498	502
497	405
502	277
509	250
511	329
511	379
506	384
505	377
504	367
504	361
504	373
506	370
504	376
504	382
503	385
502	383
503	393
503	401
501	397
501	410
500	409
500	410
498	417
500	412
500	422
501	411
500	399
504	397
505	398
506	376
509	360
514	377
516	370
520	359
523	368
528	363
532	366
533	354
536	363
536	362
539	360
539	375
536	362
536	366
535	367
534	372
531	375
530	350
526	370
524	368
523	372
519	364
518	354
517	364
514	356
513	354
510	341
509	353
506	357
506	339
504	355
503	348
502	339
502	330
503	327
502	330
503	315
505	327
504	337
505	336
504	332
506	307
507	302
510	286
512	297
513	298
515	280
516	277
515	272
514	274
511	273
510	294
507	363
505	385
502	314
503	169
506	105
506	160
506	204
505	228
503	199
504	206
503	194
503	189
502	190
501	187
501	181
500	178
499	164
500	167
500	158
500	160
500	147
501	151
503	138
502	125
503	133
505	96
506	92
505	91
505	63
504	61
508	40
509	17
512	13
514	0
516	0
518	0
521	0
524	0
526	0
528	0
532	0
533	0
534	0
537	0
537	0
537	0
537	0
536	0
537	0
537	0
538	0
538	0
538	0
539	0
537	0
535	0
534	0
533	0
530	0
528	0
526	0
523	0
521	0
517	0
515	0
512	0
510	0
509	0
507	0
506	0
503	0
501	0
502	0
502	0
501	0
501	0
502	0
502	0
502	0
502	0
502	0
504	0
504	0
505	0
505	0
506	0
506	0
506	0
507	0
508	0
508	0
508	0
509	0
510	0
511	0
512	0
513	0
513	0
513	0
512	0
512	0
511	0
510	0
508	0
510	0
511	0
510	0
510	0
510	0
510	0
509	0
508	0
508	0
507	0
506	0
505	0
504	0
504	0
502	0
500	0
501	0
500	0
499	0
497	0
497	0
498	0
498	0
498	0
498	0
497	0
498	0
497	0
498	0
501	0
502	0
502	0
505	0
507	0
507	0
509	0
512	0
514	0
518	0
521	0
523	0
525	0
526	0
528	0
530	0
534	0
535	0
535	0
535	0
536	0
535	0
534	0
533	0
532	0
530	2
529	16
526	35
525	33
524	0
523	0
521	0
520	0
518	0
517	0
516	0
514	0
514	0
512	0
511	0
511	0
509	0
508	0
506	0
505	0
505	0
505	0
505	0
505	0
505	0
505	0
505	16
506	45
506	51
507	53
507	74
509	75
510	94
511	92
510	103
510	129
513	173
513	258
514	310
515	219
516	123
514	51
514	121
513	199
512	228
512	240
511	251
509	257
510	279
508	296
504	305
502	315
501	342
498	363
494	366
494	371
496	383
494	409
491	416
491	448
488	467
488	474
488	489
490	487
492	501
492	497
493	504
496	504
498	502
502	510
504	517
511	541
516	543
520	545
524	563
527	557
531	574
533	574
534	584
536	600
538	587
539	606
537	606
538	624
536	622
535	632
531	645
528	632
524	630
522	647
518	657
514	662
512	663
509	668
506	666
505	689
502	674
500	687
499	692
499	696
498	701
499	702
499	714
500	730
501	724
502	733
502	732
505	731
506	728
506	731
505	732
507	724
507	725
508	724
509	732
511	739
513	740
514	741
514	741
514	728
515	626
520	666
516	731
513	729
511	732
508	732
507	732
506	732
504	736
504	738
503	737
503	738
503	739
502	738
499	739
501	738
501	739
500	740
499	739
501	740
501	741
503	742
502	743
504	743
503	742
504	742
504	738
508	742
510	742
512	741
515	741
519	741
523	740
526	739
526	736
530	735
531	732
533	711
534	703
536	701
538	699
536	707
537	688
537	684
535	676
533	666
531	659
528	654
524	653
522	645
518	645
516	629
513	629
511	611
509	596
508	584
505	565
504	566
502	566
502	553
503	543
504	520
505	529
508	507
508	521
510	520
510	525
512	532
512	503
513	503
512	498
512	502
512	507
512	485
510	503
511	494
512	492
510	496
510	519
510	595
506	628
504	548
503	417
510	336
515	422
512	471
508	484
506	462
506	487
502	486
500	470
501	467
500	458
500	470
497	477
496	458
497	479
498	469
497	484
496	488
497	473
497	482
497	484
501	480
502	470
504	465
504	455
506	445
508	431
513	415
517	402
521	389
524	387
528	387
530	361
534	368
536	359
538	369
539	360
541	354
542	360
543	341
543	360
542	350
541	346
539	357
537	341
535	357
532	338
529	335
525	348
522	343
518	350
514	329
513	333
511	324
511	333
508	336
508	323
507	327
506	320
503	330
502	320
505	307
503	334
504	304
505	320
504	334
506	346
503	336
505	319
504	326
506	311
509	314
508	317
510	311
511	326
511	318
510	327
510	329
510	369
506	445
500	461
499	375
502	238
508	187
509	252
510	301
509	332
508	322
507	338
505	351
506	342
503	359
501	359
501	375
498	368
498	383
496	389
495	383
494	403
493	405
494	423
494	407
496	425
495	439
494	424
498	433
498	418
499	416
501	412
504	384
508	392
512	385
516	386
519	379
525	389
525	398
528	383
531	408
532	402
535	401
536	413
538	405
538	418
536	407
536	410
536	420
533	421
528	435
524	423
521	446
516	446
514	444
511	451
510	436
507	394
510	189
515	216
516	267
515	279
515	313
513	307
513	333
514	337
515	354
511	374
511	369
510	383
508	387
506	392
505	402
504	401
503	415
503	404
503	419
504	424
504	427
505	440
504	436
503	451
502	425
505	498
498	558
497	554
494	499
496	371
504	346
509	409
508	454
507	452
506	441
506	472
505	462
504	477
502	484
500	486
496	521
493	520
494	541
492	550
494	567
492	586
494	584
493	617
493	628
495	626
496	643
497	647
499	652
501	640
504	652
504	634
509	613
510	613
514	590
518	603
521	606
523	605
525	627
527	618
530	634
530	640
533	640
533	627
535	639
535	654
535	630
537	641
535	639
534	637
530	656
529	636
528	648
525	636
523	639
518	656
514	643
512	659
510	656
507	657
505	637
502	633
501	651
500	629
499	640
496	634
498	634
496	643
498	640
499	653
499	638
500	648
499	635
500	632
502	629
504	610
506	624
506	612
510	605
510	609
509	613
509	681
505	727
503	694
502	605
505	471
509	479
511	550
509	603
506	587
506	586
505	598
504	607
502	609
502	598
501	608
499	609
498	598
497	612
496	591
496	617
496	610
494	621
494	623
494	624
494	618
496	594
497	602
497	589
500	570
501	573
502	548
504	566
505	547
508	547
511	545
514	517
518	535
520	519
524	524
524	528
527	506
531	545
532	525
534	536
535	531
536	532
533	529
533	517
531	521
529	504
527	518
524	523
521	510
518	519
514	507
513	503
511	497
507	499
503	505
502	465
500	484
499	473
500	486
500	488
500	462
504	459
504	459
503	469
501	472
501	472
503	475
503	460
503	467
502	447
505	452
506	454
506	446
507	451
507	442
507	461
505	451
507	480
503	553
499	582
496	519
497	403
504	338
510	385
510	451
506	492
501	468
500	492
497	488
497	492
494	505
493	488
492	498
491	488
491	502
489	528
489	509
491	519
493	522
494	535
494	533
496	521
496	542
497	512
498	522
499	501
501	488
502	480
506	458
510	466
513	456
517	463
519	461
523	442
525	456
527	425
529	459
528	592
526	606
526	600
527	583
527	585
526	571
527	585
527	572
527	556
525	562
523	542
521	555
520	542
519	541
517	538
516	507
515	534
512	522
510	496
507	497
505	507
502	504
499	477
499	486
499	485
499	473
497	478
497	463
501	462
502	459
501	472
502	474
503	446
505	462
506	446
508	455
509	462
507	444
506	447
505	434
505	441
505	437
504	506
499	559
498	559
497	463
501	330
510	323
514	394
510	444
506	450
504	428
505	434
503	423
502	427
499	451
497	445
497	458
493	456
492	471
490	468
490	470
490	480
490	455
492	476
493	476
495	473
497	265
508	201
512	265
513	260
513	273
514	267
515	259
516	286
517	283
519	285
517	275
520	285
520	291
524	282
525	298
526	297
527	300
528	326
529	323
529	342
527	328
527	348
525	346
523	348
522	358
518	347
517	371
515	370
512	382
508	341
508	295
507	269
505	238
505	262
504	264
503	278
502	283
501	274
500	280
501	297
501	289
501	283
502	294
501	311
502	300
502	307
502	304
502	306
503	323
504	308
505	333
505	332
506	295
507	304
510	290
509	345
507	393
505	398
503	310
508	187
511	181
511	237
510	295
506	287
507	281
506	303
503	276
502	271
500	258
500	275
500	271
499	265
497	289
497	265
495	295
494	280
493	290
492	316
493	300
492	309
494	311
496	312
498	304
500	293
498	301
501	264
504	273
503	248
505	245
509	258
512	251
515	273
518	247
521	255
525	252
530	239
531	247
534	234
535	243
535	245
536	241
535	259
533	251
530	255
526	251
525	253
521	249
518	235
516	253
513	242
512	251
508	251
504	255
501	255
500	245
498	261
497	253
498	254
495	259
496	249
494	273
495	257
497	242
497	271
498	298
500	308
500	299
501	311
500	291
503	301
503	302
504	300
503	360
502	396
497	442
495	356
499	234
503	195
507	250
506	328
504	332
505	335
505	360
503	337
503	345
503	342
502	360
499	362
496	351
496	371
495	359
494	376
493	367
495	378
494	390
494	379
495	402
496	390
498	397
498	400
499	390
500	396
501	374
502	362
504	356
506	336
509	364
513	345
513	359
518	335
523	339
525	353
527	339
531	362
531	345
533	347
532	351
534	351
531	353
531	351
527	363
525	356
521	367
516	361
515	348
512	374
508	357
506	367
501	349
503	363
500	378
499	373
496	386
495	385
493	392
492	404
492	396
491	410
490	397
491	429
490	423
491	418
492	426
493	412
493	422
496	405
498	397
503	385
505	376
507	383
508	363
510	401
507	461
505	500
501	455
506	337
511	257
516	289
518	374
514	402
509	384
508	408
505	392
504	408
501	413
501	404
500	425
498	398
495	422
493	416
491	421
490	430
487	434
488	452
487	436
489	445
490	442
493	437
495	449
496	413
498	420
503	412
506	387
510	383
512	365
514	365
517	359
520	357
522	353
524	352
526	366
528	358
529	361
532	364
533	358
533	353
532	338
532	343
529	328
528	323
525	329
523	320
522	331
520	315
518	332
517	319
514	292
512	299
509	299
507	296
505	281
504	293
501	288
502	273
501	292
498	277
498	280
498	292
499	303
497	306
496	296
497	299
499	274
500	278
502	275
501	265
504	275
506	249
507	255
509	253
510	244
510	278
507	327
506	364
505	257
507	135
508	81
510	128
509	211
507	204
504	206
503	216
501	202
501	207
500	194
498	202
497	195
498	193
496	215
497	190
497	199
496	201
498	205
497	207
497	212
500	224
499	211
501	215
500	212
503	199
501	204
501	167
504	175
504	157
504	148
506	144
510	139
511	165
515	153
519	160
522	153
526	139
529	141
530	131
531	147
533	136
534	121
535	125
534	123
533	138
531	114
528	131
524	137
523	124
521	146
518	138
515	147
511	151
508	155
505	180
502	160
500	174
498	155
497	160
494	164
496	161
495	198
495	191
495	211
495	201
497	192
500	205
502	198
503	214
505	209
507	213
507	231
509	219
506	227
510	268
510	339
507	379
505	290
506	185
508	101
509	193
508	245
509	274
506	277
506	273
506	299
504	284
503	309
500	316
501	304
500	279
500	289
500	334
499	337
497	360
494	390
493	387
492	409
491	416
492	437
489	435
490	436
493	444
495	419
498	436
500	412
503	417
506	423
511	403
513	423
516	401
519	429
522	433
526	417
528	435
530	420
531	451
529	448
531	444
529	452
529	457
527	468
527	446
527	447
523	448
521	445
518	450
515	452
514	386
517	354
518	382
515	410
513	401
509	410
506	401
505	372
505	313
506	319
506	364
503	432
496	493
491	480
490	474
489	471
492	473
492	478
493	477
495	480
497	489
499	482
499	504
500	541
502	609
503	616
505	524
509	418
516	349
522	443
520	506
514	516
509	503
509	439
512	440
512	430
511	457
509	450
507	447
504	464
503	438
503	414
504	389
504	423
501	433
503	436
500	466
497	465
495	478
496	475
496	474
497	486
497	487
497	496
499	485
502	489
504	501
507	494
511	525
512	536
515	627
516	647
518	620
521	642
522	625
524	644
527	608
532	521
535	515
538	517
539	539
537	527
536	536
534	542
533	533
529	550
526	531
523	544
520	545
516	561
512	611
507	645
501	660
498	645
496	637
494	647
492	634
491	645
491	615
492	639
493	648
495	629
498	650
501	645
504	647
505	651
507	654
508	652
510	681
509	735
508	736
507	718
508	577
513	497
516	555
516	609
513	636
510	623
510	618
509	618
507	604
507	616
508	606
508	622
507	605
507	607
505	618
504	601
503	607
503	601
503	602
503	602
503	588
505	594
507	578
507	580
507	559
510	526
512	528
513	500
515	517
516	500
521	489
523	496
523	488
525	490
527	489
528	500
528	494
533	483
533	490
536	475
537	487
537	478
536	481
534	475
531	455
529	478
527	466
525	466
523	458
522	464
519	471
515	460
513	477
509	471
506	457
505	460
504	448
503	458
501	450
503	458
502	463
504	440
504	455
505	433
507	428
507	424
508	418
509	424
511	417
511	421
509	404
512	454
510	498
505	513
503	440
507	301
515	261
518	347
518	399
515	405
515	388
514	398
514	384
512	388
512	389
511	373
512	381
511	377
508	385
505	390
503	377
501	380
499	385
499	393
498	376
497	386
498	393
497	373
498	392
501	361
502	352
505	348
510	322
513	334
517	334
520	352
523	339
524	335
526	338
528	306
530	317
531	300
535	295
536	298
536	278
536	288
537	264
535	268
532	272
531	252
527	258
526	238
524	249
522	226
519	227
517	224
514	221
513	231
511	210
511	221
509	205
509	192
507	208
506	200
505	211
502	195
502	184
500	181
500	153
501	164
503	137
504	135
504	126
506	121
508	125
508	105
508	150
508	191
508	221
510	134
511	0
509	0
508	0
507	0
506	0
505	32
505	46
504	43
504	30
504	42
503	55
501	38
501	36
501	45
500	29
501	29
501	43
501	27
500	41
500	49
502	50
503	55
504	54
504	49
503	71
504	63
505	71
507	63
508	45
508	49
509	46
512	21
512	38
513	42
513	23
516	16
519	0
521	0
521	0
522	0
525	0
528	0
528	0
529	0
531	0
533	0
535	0
535	0
535	0
534	0
534	0
533	0
534	0
534	0
532	0
532	0
531	0
531	0
529	0
527	0
525	0
523	0
521	0
519	0
516	0
512	0
509	8
507	22
504	28
503	50
502	60
501	53
501	86
499	91
500	85
499	98
501	90
502	96
503	107
503	95
505	111
507	113
508	110
507	140
508	141
508	149
508	152
509	227
508	277
506	284
506	209
507	64
509	45
510	128
509	184
509	209
508	197
508	218
506	232
504	235
504	261
503	254
500	283
499	289
499	301
499	320
499	328
497	372
496	355
497	377
496	395
496	386
497	402
497	390
497	388
498	392
501	388
503	391
507	366
509	385
511	379
514	384
516	397
519	396
520	397
524	385
528	410
529	400
531	400
533	408
534	351
538	359
538	360
539	359
537	345
535	336
531	376
527	372
524	377
520	381
517	381
512	393
511	386
508	411
504	416
502	431
499	432
499	431
495	459
495	455
496	475
495	487
493	513
492	517
492	508
495	519
496	509
500	513
503	527
506	536
509	543
512	540
516	553
516	566
518	578
519	647
516	684
514	641
514	530
517	432
520	466
519	523
516	558
515	545
513	560
509	548
506	546
506	541
505	553
502	577
501	573
501	589
500	589
499	575
499	583
501	563
501	596
503	581
505	551
508	567
508	545
510	536
513	519
517	495
518	496
520	467
521	468
525	437
530	448
530	448
532	440
533	437
535	422
536	444
538	423
540	421
540	422
538	411
535	425
533	412
532	407
529	426
526	426
524	444
520	436
516	436
514	426
515	420
513	432
510	417
509	435
508	417
507	442
504	466
502	444
503	454
503	450
504	470
504	463
506	464
506	484
504	490
504	496
504	484
506	487
507	497
507	496
510	509
509	499
510	514
508	509
511	507
511	506
513	513
513	591
511	611
508	575
508	485
511	359
519	431
517	515
512	539
509	534
509	535
505	544
505	523
502	525
500	523
499	511
497	522
495	513
494	521
494	513
492	512
491	523
491	508
492	525
492	496
494	510
496	513
497	505
498	513
499	486
502	499
503	487
508	485
510	476
515	463
521	484
524	470
527	497
529	498
531	485
533	494
533	481
536	491
536	476
535	482
534	482
537	472
536	487
532	457
531	476
528	465
526	456
524	477
519	446
517	454
515	462
513	463
510	468
508	466
505	465
502	459
502	482
498	470
498	463
496	477
496	469
496	481
496	465
498	464
498	476
499	488
500	498
501	504
504	503
505	494
506	489
506	490
506	473
509	484
508	483
508	471
507	465
508	447
508	485
505	537
501	593
500	501
501	385
508	301
512	337
515	433
510	435
508	430
507	444
506	423
503	433
501	436
500	450
499	450
498	439
496	464
493	453
493	468
492	483
490	487
489	490
489	490
490	502
491	489
492	496
494	492
497	475
500	478
503	449
508	447
511	433
515	423
519	437
522	429
524	450
527	450
528	456
529	457
533	448
534	454
534	428
536	439
535	419
534	420
533	420
532	395
531	407
526	407
524	416
520	408
518	399
514	423
509	412
507	421
506	406
505	406
503	426
501	394
500	393
500	402
498	399
497	396
498	387
498	397
498	388
501	405
501	404
501	410
499	422
502	395
506	400
506	392
508	400
508	408
509	394
509	397
509	377
511	355
512	369
511	392
507	462
501	491
498	424
503	308
511	207
516	266
517	326
515	357
512	339
511	362
508	380
504	396
499	415
496	413
496	423
494	431
492	442
490	461
489	452
487	466
486	471
487	487
486	492
487	489
488	506
488	498
492	380
500	331
507	315
512	317
516	316
517	377
516	457
512	466
510	464
511	445
513	459
515	445
519	456
521	466
525	361
533	270
540	255
543	276
543	280
546	287
545	304
543	302
539	329
536	309
532	335
527	333
524	325
518	353
516	343
510	371
504	356
502	371
499	382
496	378
494	381
492	377
492	389
490	379
490	375
490	402
490	387
491	405
491	383
494	402
497	407
498	396
500	410
501	407
500	414
502	406
503	402
505	428
503	457
500	531
498	518
497	422
503	310
510	270
515	370
514	417
512	502
506	556
502	539
499	549
498	525
495	536
494	542
494	529
495	556
493	544
494	557
494	542
495	547
495	545
495	534
495	554
497	530
499	553
498	536
503	533
503	531
504	508
504	516
504	490
505	486
506	472
507	459
510	470
512	451
515	460
516	461
521	446
524	453
527	451
530	462
532	445
535	446
536	458
538	438
540	451
538	439
537	440
533	453
529	451
525	448
522	439
519	454
516	437
514	448
510	457
506	419
505	448
501	443
500	441
497	438
498	425
497	428
495	409
497	426
496	427
495	411
497	409
496	391
499	397
500	369
502	386
502	375
506	381
508	376
509	344
512	360
512	363
513	386
510	456
503	471
502	407
505	289
510	209
511	269
512	332
511	358
509	344
508	350
508	360
506	375
503	363
504	357
504	389
502	369
501	371
498	386
497	374
495	399
496	391
497	415
498	415
497	421
497	434
496	410
499	414
502	384
505	390
507	382
512	353
516	358
519	335
522	347
522	339
525	337
525	362
526	336
529	344
532	350
535	362
536	365
540	356
542	372
542	372
541	390
540	376
540	386
537	404
534	392
532	413
527	383
526	383
522	395
518	400
513	412
508	408
503	398
501	407
499	369
500	344
501	328
504	314
504	300
506	304
508	291
512	275
514	303
517	295
516	283
518	269
518	265
517	283
518	277
519	280
520	292
521	300
521	295
520	299
519	358
513	417
506	450
501	377
500	254
500	201
500	263
501	353
500	358
500	355
500	365
500	347
502	380
497	381
496	384
496	413
495	407
491	418
489	413
489	420
489	425
489	428
488	449
488	443
489	461
488	455
489	453
490	459
492	451
496	449
499	428
503	433
508	420
513	431
515	435
520	428
523	447
526	428
530	413
536	420
540	400
541	424
542	409
544	417
540	406
540	391
537	400
536	387
532	402
527	375
526	376
525	371
524	346
521	355
519	347
518	346
517	340
514	338
512	352
509	334
506	357
501	340
500	358
497	371
495	338
496	357
494	353
496	373
496	372
497	378
495	384
494	376
497	376
498	364
500	348
501	366
502	352
503	363
503	340
504	353
504	375
505	367
504	423
500	457
497	507
493	406
499	264
505	210
508	272
510	361
509	346
508	347
507	362
506	366
505	384
503	369
500	387
498	384
497	364
498	370
498	343
499	349
499	322
501	333
501	348
500	332
500	343
503	323
503	336
503	339
503	336
504	331
504	320
504	339
503	329
505	321
506	339
510	334
512	349
517	348
519	361
522	355
525	354
529	374
530	360
534	361
535	355
538	350
538	351
538	343
537	357
533	347
533	356
528	371
525	379
523	389
518	388
516	400
512	409
512	414
508	411
508	400
504	426
503	410
502	425
498	407
497	416
496	421
495	421
495	445
492	432
497	420
498	426
500	400
504	411
510	417
515	417
519	405
523	409
526	408
528	390
529	449
523	514
519	535
517	439
522	289
526	243
529	307
529	378
525	395
522	383
521	401
520	397
519	415
515	407
514	422
513	427
512	400
511	417
508	422
505	429
503	442
500	453
496	464
493	454
493	473
490	477
494	475
494	490
498	481
500	494
503	457
510	416
518	391
526	351
534	346
541	335
544	368
542	375
545	367
547	382
547	359
548	380
549	363
549	359
549	359
547	346
545	359
544	331
541	339
536	326
532	317
529	309
527	279
526	293
523	316
519	330
513	350
508	342
506	357
502	338
499	347
497	358
496	348
494	358
492	342
492	365
491	368
494	364
494	394
496	375
498	392
498	370
502	370
503	369
508	370
509	380
511	357
512	375
514	372
514	373
514	395
511	444
508	529
500	471
502	342
509	233
514	243
517	343
516	367
514	373
511	369
511	371
508	379
505	366
507	391
504	379
506	393
507	409
506	394
506	412
504	403
503	416
500	425
499	411
498	433
496	431
495	425
494	394
495	395
492	399
495	368
497	364
499	355
503	344
507	352
511	345
516	344
520	342
526	345
530	329
535	336
536	341
537	335
538	342
538	339
537	346
534	326
534	188
533	168
530	159
528	168
527	173
522	174
519	177
517	166
513	159
508	159
504	155
501	153
498	143
497	160
495	158
496	168
495	183
496	188
495	225
496	211
497	240
498	239
499	237
500	237
501	239
502	256
501	245
502	262
502	257
504	273
505	292
507	278
508	310
507	321
506	332
505	335
505	227
508	94
509	71
509	161
510	233
509	246
508	273
506	278
505	300
503	309
501	307
502	339
499	339
498	355
495	346
495	357
492	373
489	366
489	363
490	377
490	396
490	421
489	415
490	431
492	418
495	429
496	437
499	412
502	411
506	388
510	398
514	382
518	398
520	394
525	393
529	405
531	411
533	421
532	416
535	410
536	428
537	405
537	414
536	409
534	431
530	429
527	404
526	436
522	409
521	421
520	426
519	422
516	429
512	413
510	435
506	402
507	381
506	375
506	365
506	389
505	394
504	417
503	422
504	412
502	438
501	418
504	412
506	410
506	424
506	429
507	407
508	416
508	397
508	427
505	501
500	534
498	460
500	327
508	258
516	315
517	386
516	407
514	396
512	408
511	401
511	418
509	425
508	427
506	463
502	451
499	452
498	455
495	473
491	481
491	474
493	500
492	492
494	498
494	488
497	477
499	493
502	455
505	461
508	452
510	442
513	429
517	420
519	421
524	421
525	431
525	443
527	436
528	439
529	422
532	457
532	453
532	449
532	469
530	456
530	451
531	440
530	442
528	446
528	440
527	447
523	431
522	438
519	439
515	411
512	420
509	404
508	412
504	397
505	388
501	413
501	382
501	398
500	403
498	423
497	423
497	403
500	394
502	381
504	399
504	394
504	396
503	394
506	373
509	389
509	389
509	398
507	446
506	492
501	468
503	340
511	236
515	253
515	333
513	371
511	353
508	369
506	355
504	362
502	373
501	381
499	388
498	378
499	392
498	397
498	403
496	403
496	389
497	408
495	407
496	416
497	425
497	414
498	430
497	406
500	405
501	385
503	382
506	388
510	368
514	367
517	370
519	396
522	395
526	400
528	415
529	406
533	415
534	400
538	406
539	409
542	393
542	412
537	402
536	394
533	409
530	392
526	404
521	382
520	395
517	389
514	377
509	389
508	369
506	378
503	374
500	381
498	387
499	361
500	364
500	359
501	367
502	361
503	362
502	372
502	374
504	384
504	352
505	354
506	348
507	338
507	349
506	348
507	351
508	339
508	337
508	346
509	359
507	436
503	473
500	383
504	284
508	172
510	245
511	299
511	334
509	327
507	332
506	330
505	328
503	335
501	340
500	333
500	343
499	332
499	343
497	333
496	350
495	356
496	348
494	370
494	352
494	369
494	359
496	336
499	346
500	344
502	338
502	327
506	323
510	321
514	322
517	311
523	302
527	317
529	315
533	295
538	313
539	302
540	318
541	311
543	310
542	313
542	309
539	315
537	309
533	314
529	311
525	299
521	303
518	284
516	312
512	303
510	304
508	314
504	297
501	308
499	293
498	297
494	300
496	285
497	301
497	290
499	293
502	295
503	303
505	319
506	310
507	327
509	331
509	336
508	330
508	318
510	325
510	315
511	336
510	332
513	331
511	340
511	337
508	348
505	345
504	408
498	472
492	449
492	351
498	197
501	223
503	313
503	343
503	347
501	337
501	355
500	351
500	351
499	366
497	364
496	367
496	355
496	381
493	378
494	375
491	397
491	382
494	394
495	395
496	404
497	406
497	400
500	413
501	387
504	387
507	373
513	362
517	368
520	353
523	364
527	354
530	357
534	366
538	356
540	368
542	372
543	370
542	371
543	356
542	356
542	349
541	364
538	361
535	352
531	367
526	365
523	374
519	350
516	362
510	324
510	247
508	266
507	264
506	275
504	272
503	284
501	296
501	283
500	310
500	298
500	312
498	324
501	327
500	331
501	326
502	343
502	337
503	333
503	355
503	357
505	371
505	347
507	343
506	341
507	350
507	359
508	342
507	347
509	349
509	345
508	361
505	385
501	473
494	496
493	417
495	325
503	234
507	286
509	357
508	388
508	392
508	393
508	394
507	441
503	462
501	448
501	470
498	479
498	473
498	497
497	511
496	519
496	515
496	509
496	525
494	508
495	519
495	500
494	491
493	481
494	402
500	372
503	347
508	305
512	309
518	296
521	311
527	311
534	325
537	373
540	385
543	382
545	377
548	444
546	456
542	478
539	491
535	482
532	512
525	518
522	539
519	534
513	530
510	531
507	518
504	535
503	518
502	511
501	517
501	509
500	508
499	489
499	506
500	504
502	508
502	515
504	518
508	527
509	520
511	513
515	503
518	476
518	501
518	494
520	493
518	493
518	472
515	485
515	485
513	488
513	475
512	475
513	481
514	447
516	446
518	445
518	501
512	528
509	505
508	416
514	248
517	235
518	301
517	318
514	302
511	287
509	308
506	295
504	295
502	292
501	275
498	277
497	271
495	284
494	284
492	286
493	286
492	286
492	299
491	297
494	298
494	310
495	292
494	291
497	280
500	269
501	261
505	246
509	248
513	225
516	228
521	209
526	212
528	221
532	223
535	231
537	225
539	246
540	248
538	244
539	239
538	255
537	267
534	263
533	264
530	274
526	252
520	275
517	270
515	288
512	277
511	289
507	294
504	286
502	291
500	272
499	287
498	294
497	275
496	287
494	274
493	290
492	296
491	292
491	309
493	296
494	326
496	332
499	328
499	328
500	332
500	344
501	327
502	332
503	329
504	331
506	348
506	342
507	338
505	349
505	374
504	459
498	513
492	451
495	324
503	242
506	293
508	372
506	402
505	395
504	412
502	416
501	420
500	417
498	416
498	432
496	431
494	444
493	450
490	442
490	470
487	466
488	470
487	482
491	477
492	489
492	466
494	479
495	466
498	459
502	454
503	431
507	434
511	414
514	412
517	397
522	406
524	422
526	404
527	414
528	412
531	418
532	411
532	404
536	416
534	403
532	415
530	408
530	407
529	414
527	392
525	409
522	397
521	408
517	415
514	402
510	410
508	396
506	409
504	411
502	405
502	406
500	399
500	416
498	401
498	400
500	402
498	396
498	419
496	384
497	401
497	408
497	397
498	408
498	404
497	413
501	404
502	386
504	387
505	376
507	406
509	373
510	377
507	377
510	368
509	372
510	371
509	437
504	486
498	472
498	368
503	220
507	213
507	300
505	352
501	362
500	348
498	363
496	316
496	270
495	288
495	302
492	306
492	287
491	291
488	309
489	315
488	314
489	316
489	332
488	325
489	325
492	225
494	236
496	245
496	240
498	263
499	252
502	262
503	252
507	239
511	249
515	242
517	253
519	266
523	272
526	276
528	270
532	284
535	280
536	292
534	301
535	305
534	312
532	309
531	324
528	322
525	322
521	342
518	327
515	342
512	355
508	352
503	363
501	358
499	364
497	352
496	360
495	365
495	357
496	372
494	372
496	376
495	379
497	372
498	374
499	376
500	391
502	385
502	390
502	389
504	386
505	403
504	396
506	393
506	397
506	411
504	419
504	403
505	419
503	466
498	538
496	548
495	436
501	342
506	282
510	359
508	422
506	426
503	419
503	407
502	440
501	432
499	435
497	443
498	432
496	460
494	447
494	453
493	452
492	462
491	478
491	471
492	486
491	478
492	481
494	494
494	476
497	478
497	462
501	451
504	441
508	428
510	443
512	432
515	431
519	416
523	428
526	425
528	416
530	422
532	417
535	420
535	409
538	409
538	423
537	405
536	425
532	413
528	409
527	424
521	415
518	412
514	413
511	423
507	420
506	397
503	413
503	400
502	398
501	394
500	406
499	411
499	391
499	406
499	393
501	401
499	433
498	459
496	490
496	463
498	479
500	476
501	455
505	452
507	458
509	465
510	446
513	456
514	466
515	438
516	465
516	509
514	546
513	555
512	478
515	353
523	311
528	409
525	455
523	466
520	442
519	440
518	465
514	444
513	416
512	366
512	355
511	362
508	342
502	360
496	354
494	343
490	357
487	334
485	354
483	362
482	340
481	284
483	198
486	194
488	182
490	171
492	166
494	179
496	195
498	206
499	243
505	259
509	295
512	305
517	299
523	339
528	336
532	348
535	367
539	371
539	367
541	368
540	387
540	382
540	384
536	383
534	386
533	404
529	384
526	409
518	410
515	400
512	427
507	436
504	449
502	430
499	422
497	440
495	419
494	416
494	419
496	411
497	412
499	418
498	428
498	447
499	488
498	477
499	433
502	421
503	414
504	406
506	395
506	414
506	399
507	410
506	411
504	394
501	442
498	476
494	520
490	436
492	321
500	250
503	320
502	400
498	422
496	413
496	422
493	437
493	458
493	457
492	454
493	453
494	439
497	470
498	453
499	462
499	478
500	470
501	468
504	471
506	473
509	492
510	477
512	459
513	451
515	455
513	446
516	439
518	432
521	415
523	420
527	416
528	392
532	426
532	424
533	407
534	424
535	401
536	428
535	402
537	407
538	421
536	406
534	427
532	400
531	424
527	402
524	398
522	405
521	391
517	411
513	383
511	397
506	393
504	366
501	393
498	370
498	383
498	374
499	387
500	394
501	357
502	388
503	373
503	410
501	430
501	412
502	429
503	396
505	415
509	406
510	387
513	413
512	386
512	415
512	397
511	393
513	431
510	471
504	563
498	513
497	407
502	268
507	270
510	386
507	396
504	426
500	400
499	402
498	417
496	389
495	414
493	384
494	412
494	419
492	404
490	443
489	419
491	441
491	425
491	431
493	441
494	424
497	427
499	396
502	417
504	396
507	380
510	405
514	350
519	374
519	344
523	343
526	361
527	332
529	368
530	350
532	386
533	384
536	362
537	393
539	360
541	372
540	353
540	327
540	321
541	300
538	337
535	306
533	320
528	328
522	299
518	325
515	284
512	303
506	288
505	278
503	287
500	240
498	246
499	215
499	219
498	215
498	171
497	191
498	164
499	177
498	177
500	175
503	190
507	143
508	161
510	136
512	139
512	133
514	106
514	121
515	79
513	85
513	86
510	83
508	167
508	207
507	164
507	72
505	0
503	0
504	3
505	46
505	102
504	106
503	81
503	126
504	100
504	108
504	89
502	79
500	113
499	84
497	94
498	109
498	85
499	117
498	108
498	107
499	134
499	104
500	128
502	107
504	113
505	121
508	79
508	101
511	60
512	75
514	79
514	35
517	50
518	47
522	25
525	55
530	28
531	21
533	51
537	23
540	35
540	55
541	25
542	56
542	58
541	20
540	42
539	39
537	33
535	56
532	32
529	58
526	66
526	27
522	64
518	71
515	46
513	81
513	67
511	64
508	96
507	79
505	84
505	112
503	94
501	120
503	116
504	135
505	162
505	124
506	155
506	121
507	150
508	158
508	144
510	173
512	146
513	181
512	176
515	187
515	279
514	319
512	315
513	201
515	96
515	113
515	172
516	248
514	240
512	249
510	254
508	262
505	282
504	259
501	306
501	292
499	288
498	318
496	311
495	346
495	322
495	361
495	372
494	360
496	412
495	373
498	394
501	384
503	385
504	390
507	341
513	360
516	343
518	367
522	366
525	342
529	373
529	341
531	361
534	354
537	356
539	383
539	360
540	405
539	386
539	401
536	404
535	395
532	427
529	407
526	431
524	427
519	422
516	450
512	428
511	464
508	440
506	439
504	448
503	410
503	431
501	405
501	440
500	444
500	443
498	495
497	482
496	516
495	499
496	493
498	509
500	482
502	516
504	486
508	512
510	508
511	484
513	504
513	473
514	545
512	595
510	647
506	608
507	459
510	397
515	431
513	515
509	533
506	503
505	531
502	509
500	535
500	521
500	525
498	536
499	493
499	507
499	492
498	512
498	534
498	526
497	572
496	539
498	569
499	564
500	560
500	581
502	545
504	573
506	533
509	537
512	523
516	493
519	519
521	490
525	522
529	517
532	494
536	529
539	506
540	528
543	515
543	515
544	532
544	498
545	532
542	504
541	514
538	511
534	503
530	510
528	495
525	529
521	503
518	495
515	521
511	479
509	510
506	491
505	501
504	498
504	487
503	511
504	487
504	526
503	534
501	529
504	544
505	513
506	541
507	501
509	509
510	516
510	502
509	533
509	504
509	519
511	500
511	489
512	508
512	469
512	492
511	470
513	482
512	481
512	462
510	492
509	494
505	570
504	622
500	561
501	453
507	320
513	386
513	435
511	467
506	468
505	436
503	478
500	440
500	456
499	454
498	448
499	472
498	451
497	479
496	449
497	447
495	470
496	447
495	477
495	449
497	479
498	470
499	443
503	468
504	421
507	433
510	407
516	394
519	415
521	385
522	455
522	423
525	448
526	447
529	424
532	460
534	424
537	454
537	432
540	438
539	451
539	415
540	444
539	412
540	425
538	435
535	404
534	438
529	403
528	428
522	405
519	414
516	423
511	385
509	408
508	384
508	403
506	403
504	383
504	413
503	386
504	398
504	386
505	387
506	405
506	377
507	407
509	387
510	384
511	405
510	380
512	404
512	372
512	401
513	388
514	369
515	392
513	360
511	383
511	302
512	302
513	327
509	317
508	337
508	298
507	338
503	337
503	317
500	352
498	322
499	349
498	326
499	312
498	313
498	345
496	454
491	403
492	315
495	178
498	175
500	284
500	289
498	317
499	307
498	313
497	333
496	306
498	344
498	325
496	349
495	346
496	345
496	368
496	349
497	386
496	373
497	380
499	399
498	364
503	383
504	365
506	376
507	373
509	359
512	383
511	352
513	374
516	356
519	352
523	373
525	347
529	381
530	369
532	373
533	382
537	370
538	392
539	365
539	376
539	376
537	364
537	393
534	376
532	416
529	414
525	428
521	443
518	419
516	446
511	412
509	438
508	416
506	402
503	431
502	394
502	429
501	406
501	418
500	439
500	402
501	434
501	402
502	430
504	427
504	411
506	438
506	411
509	437
508	421
509	433
508	449
509	428
510	465
509	440
508	450
509	430
511	413
511	451
510	407
511	441
509	426
510	424
508	464
505	428
505	454
504	473
500	552
498	592
494	495
496	411
502	307
509	393
507	446
503	469
499	487
498	460
497	487
497	461
496	480
495	498
494	469
494	503
493	470
494	506
491	508
493	500
492	516
495	496
497	535
499	517
500	535
502	547
503	524
503	543
504	509
506	513
508	488
512	468
513	490
516	453
518	483
519	457
521	463
525	485
527	463
529	484
529	457
535	481
536	459
538	440
539	465
539	433
539	455
538	438
535	440
535	451
530	428
527	457
521	434
520	448
516	449
514	426
510	440
508	416
506	446
504	427
503	431
502	432
500	421
501	440
500	412
500	429
500	423
503	408
503	438
503	407
503	441
501	420
501	425
502	444
503	424
504	455
502	424
506	427
508	435
509	416
509	438
510	407
510	424
511	395
512	392
511	416
511	388
511	417
509	405
508	407
505	426
503	399
503	442
501	477
495	550
492	511
491	400
498	295
503	279
505	385
502	394
500	404
500	419
499	390
498	435
496	405
497	436
497	418
496	415
496	442
492	411
493	449
491	430
492	423
493	448
493	426
493	462
494	432
494	449
493	443
496	429
497	444
499	400
503	425
506	392
512	385
515	399
518	368
522	400
525	373
529	392
531	397
533	373
537	395
539	361
543	394
543	386
542	362
543	384
541	353
541	391
539	380
534	390
529	396
522	376
519	405
513	373
510	408
505	389
504	391
499	400
497	377
497	403
498	380
497	384
499	391
495	370
498	400
496	362
496	393
498	387
499	377
498	401
499	381
500	407
501	402
499	404
501	406
502	387
505	417
508	379
507	414
507	416
509	385
511	396
514	365
517	388
521	367
523	379
523	397
520	368
518	389
515	369
512	391
509	431
501	492
494	558
490	452
492	410
498	322
502	386
502	480
495	466
493	494
489	454
492	467
490	469
490	463
492	482
492	462
492	478
495	473
497	480
497	500
498	460
500	502
499	484
498	504
499	510
500	505
500	518
500	479
502	497
503	490
505	461
510	461
514	411
521	440
523	409
526	408
529	410
534	387
535	410
537	387
538	405
540	397
541	380
542	401
541	366
541	408
540	375
539	380
538	395
534	364
532	379
526	352
524	366
524	366
521	342
521	374
518	345
520	382
519	360
521	366
521	373
522	361
521	400
517	377
517	395
514	387
512	376
510	403
509	382
510	411
508	388
506	393
507	409
508	383
507	408
508	364
507	352
508	354
507	344
505	378
505	329
506	347
504	324
504	326
504	341
505	312
504	348
501	315
502	332
503	345
502	331
501	391
498	435
494	512
487	420
491	297
497	211
501	237
503	343
501	335