509	335
507	337
502	337
497	342
494	349
492	352
488	352
484	352
483	354
480	354
477	334
469	355
464	335
465	341
466	355
468	332
472	346
478	331
484	355
490	339
494	340
500	325
503	335
507	362
508	367
510	346
510	349
512	345
512	358
511	292
513	347
514	344
513	307
514	323
513	313
510	389
504	493
497	397
497	352
498	284
501	282
503	335
502	340
503	322
503	352
504	335
506	353
506	346
505	349
504	360
505	335
504	342
503	342
503	360
501	367
504	358
502	384
502	357
499	369
502	371
500	367
500	363
501	368
505	408
504	387
506	376
508	380
513	348
516	371
518	340
522	334
526	325
527	333
527	353
526	317
526	321
524	339
523	347
520	323
520	347
518	354
516	334
515	352
513	358
511	328
511	373
508	341
508	355
507	361
506	355
506	341
507	362
507	331
509	356
509	334
509	353
510	341
510	384
508	358
508	347
508	366
509	354
510	344
511	359
512	346
511	387
508	365
509	354
510	349
510	381
506	350
507	371
507	357
507	355
505	387
504	357
505	373
504	370
501	375
501	385
503	366
505	383
504	361
506	366
506	358
508	355
506	355
509	368
508	367
508	363
508	323
509	367
507	446
500	485
495	375
501	342
504	327
507	325
507	381
506	343
510	360
508	364
507	350
509	386
508	363
508	361
506	347
507	378
507	356
506	367
504	357
504	340
506	391
503	395
502	362
505	380
506	358
508	402
506	391
506	396
505	378
507	413
506	395
507	392
508	354
513	359
514	372
517	371
520	342
523	323
525	362
523	346
524	377
521	360
521	325
521	368
519	347
519	350
515	372
514	356
513	359
513	348
510	383
510	354
511	351
513	339
512	336
512	346
513	345
514	341
513	329
511	380
509	330
508	350
506	350
506	349
504	402
503	378
502	362
503	365
502	387
503	385
502	370
505	386
504	373
507	395
507	386
511	387
513	395
514	383
513	402
511	376
510	403
511	400
509	386
508	395
507	385
508	397
506	408
503	394
503	399
504	368
502	390
503	368
504	375
506	385
507	362
507	359
507	374
510	354
510	403
507	464
500	422
504	342
506	335
508	293
511	315
514	327
514	318
512	318
511	313
509	331
508	326
509	321
507	344
507	311
508	350
505	341
501	344
503	349
503	353
502	366
500	329
503	330
505	331
505	344
504	387
503	381
506	367
507	356
510	379
510	388
512	377
515	377
516	330
521	354
522	359
525	355
524	362
524	327
524	359
525	361
524	345
522	359
522	365
521	343
517	353
517	357
516	371
514	351
513	356
513	361
511	358
511	334
510	329
511	354
512	320
512	335
510	321
512	332
511	320
512	321
511	304
511	340
511	307
510	339
510	304
509	345
509	308
508	340
507	337
506	333
507	342
509	343
508	345
507	305
510	348
508	355
507	346
508	359
508	350
506	355
505	343
505	369
504	343
504	349
505	364
504	375
504	380
504	367
503	370
503	380
501	378
504	364
504	375
504	362
507	374
506	370
508	365
508	363
508	362
509	374
508	447
501	552
495	465
496	388
499	363
502	342
505	394
504	405
503	406
502	369
504	397
504	409
503	395
504	361
506	418
505	398
504	395
503	430
504	412
505	390
505	424
502	389
504	435
502	416
504	399
504	453
502	433
502	462
503	455
502	443
504	450
508	422
510	436
512	416
516	414
518	421
520	382
522	432
520	381
520	393
519	405
518	397
518	403
517	402
515	409
512	418
511	404
511	417
511	396
510	414
511	393
511	388
511	397
512	398
509	433
508	412
508	393
510	382
509	396
512	428
510	385
511	426
510	405
509	408
508	389
509	414
507	447
507	381
508	404
508	402
508	427
507	402
506	410
507	390
509	405
510	399
511	392
510	395
508	422
509	416
508	408
507	415
508	411
508	403
509	433
505	417
505	414
504	422
503	441
500	436
500	436
499	380
503	407
503	396
505	403
505	410
504	420
504	377
506	432
502	493
497	504
494	411
501	377
503	378
504	369
505	399
508	402
507	421
507	430
506	368
507	366
508	400
509	385
509	405
509	364
509	386
508	401
507	411
506	392
507	375
506	386
505	372
506	391
505	387
506	401
504	400
505	384
504	390
507	388
509	404
508	370
513	350
517	344
518	335
519	335
520	327
522	335
523	306
522	340
519	311
519	305
519	303
517	322
516	313
516	317
514	316
512	316
511	290
509	306
510	306
509	289
509	271
511	250
511	281
511	267
510	254
508	238
510	266
510	242
510	272
508	238
509	237
508	259
510	233
507	256
507	248
506	232
505	275
505	276
506	256
507	255
507	275
507	273
508	271
508	267
508	283
509	283
510	299
511	281
509	308
511	286
512	303
511	275
510	284
509	303
509	276
507	283
506	282
505	304
505	285
505	244
506	319
503	404
498	416
499	277
500	287
501	236
502	271
503	287
503	251
505	277
505	269
507	271
508	244
509	267
509	261
510	270
508	267
510	249
511	284
511	263
509	267
507	268
508	286
507	280
505	283
506	303
505	276
506	338
506	308
508	332
509	322
511	320
512	315
512	311
515	305
518	278
518	303
518	283
519	293
519	298
517	277
518	291
518	306
516	288
516	288
516	278
513	326
513	290
511	325
513	275
511	308
509	299
509	303
508	291
509	297
510	281
508	293
508	299
510	303
509	299
508	269
507	303
505	290
509	299
507	285
508	309
507	316
507	290
509	309
507	314
507	326
508	349
506	317
507	320
506	340
508	365
506	346
506	368
505	348
506	382
503	348
506	371
503	374
503	353
502	347
505	374
505	332
506	337
506	352
508	344
509	328
512	314
513	316
512	297
514	325
513	330
513	319
512	297
509	305
508	389
503	449
496	466
494	343
497	325
500	292
503	325
504	351
505	327
505	344
506	325
506	364
505	347
506	346
503	358
504	359
502	374
502	356
502	368
502	398
502	361
504	398
503	368
503	372
505	381
505	392
504	409
504	400
504	428
502	420
504	431
505	417
509	405
511	377
516	383
518	373
518	364
519	353
520	370
521	329
523	362
519	356
521	368
518	362
516	361
515	352
513	382
509	353
509	368
508	380
508	371
508	373
508	359
509	386
510	363
510	383
509	366
509	367
508	373
507	364
507	368
507	385
505	374
505	387
503	380
506	379
507	373
508	399
507	388
508	380
508	391
509	388
509	394
506	402
509	399
508	420
507	385
507	397
506	417
504	406
503	394
506	419
505	414
508	398
506	418
506	412
508	404
508	416
507	409
506	439
504	431
504	405
504	441
500	407
502	413
502	426
501	398
503	424
503	401
505	407
504	400
505	399
506	404
506	402
506	478
499	528
496	470
496	413
499	409
500	378
506	402
504	409
505	418
505	402
507	402
508	411
508	414
506	395
507	410
505	429
502	423
501	419
501	405
502	430
500	419
499	412
503	413
503	431
503	431
502	437
502	417
505	428
505	444
505	421
508	438
509	424
512	418
515	429
517	415
517	377
521	376
522	391
522	388
523	380
521	414
518	386
517	402
518	412
516	398
517	388
513	425
511	388
510	399
508	395
508	405
508	395
507	388
508	395
507	374
509	398
509	363
510	396
510	355
510	389
510	377
510	393
510	389
511	366
510	366
512	388
509	385
510	378
508	381
509	401
506	410
505	390
505	406
502	378
503	411
504	395
504	386
504	413
504	402
504	412
503	398
504	392
504	411
505	386
506	404
507	404
505	420
506	371
507	402
508	379
508	396
508	371
510	378
509	364
507	368
506	357
509	472
500	495
496	408
500	384
503	346
507	335
509	370
510	369
512	369
511	379
508	390
506	387
505	365
506	381
506	371
506	366
506	360
508	364
507	386
504	382
504	362
504	383
503	369
505	356
505	373
505	365
504	392
505	396
504	358
508	399
506	378
510	397
511	365
515	354
519	344
519	331
522	326
522	325
522	338
521	322
521	298
522	339
518	325
516	340
515	322
516	353
512	341
512	301
511	330
510	323
509	327
510	341
508	343
509	353
507	334
508	350
507	344
508	338
507	349
509	321
508	338
510	331
510	340
511	339
510	317
512	350
511	326
512	326
511	340
511	337
510	351
509	314
508	360
507	352
507	327
507	346
507	325
507	328
508	316
508	332
506	327
507	305
507	290
509	330
506	319
507	299
506	327
504	301
503	307
504	298
504	293
504	311
504	272
505	301
506	326
507	432
497	429
497	352
499	304
504	275
505	277
508	316
508	307
511	309
511	301
512	289
512	284
512	299
510	318
511	311
508	309
507	295
505	334
504	312
502	315
502	322
502	309
502	331
501	308
502	308
503	334
505	330
505	341
506	345
506	360
509	346
511	336
515	312
516	341
520	324
521	323
523	307
524	302
525	320
523	332
526	305
522	301
522	313
519	284
519	310
517	312
515	328
511	315
513	341
511	319
511	312
511	327
511	325
509	314
510	326
509	316
510	284
510	325
511	292
511	293
512	291
512	323
511	316
510	297
512	297
513	288
511	336
511	331
512	321
511	334
510	324
510	347
510	337
508	339
508	344
507	349
508	355
506	339
506	359
504	353
505	375
504	343
504	356
502	371
504	372
503	379
503	377
503	381
503	379
503	386
503	375
504	361
506	364
506	356
508	362
509	355
510	351
510	373
508	420
504	512
496	437
499	376
504	355
507	335
511	343
511	379
509	359
510	342
513	343
512	342
514	342
513	327
514	363
511	340
512	346
509	370
506	353
505	371
502	372
500	390
501	404
500	393
500	374
500	416
503	408
503	424
506	421
507	440
507	430
506	474
507	425
511	435
514	448
515	429
517	446
516	412
522	431
520	437
522	437
521	424
523	407
521	436
520	415
519	441
517	432
516	405
516	437
514	415
514	417
513	407
512	430
510	404
512	408
513	408
512	402
513	431
511	392
512	409
512	388
512	387
510	425
508	403
509	405
509	394
511	421
509	393
509	408
507	413
509	399
507	432
506	398
507	402
508	420
507	397
508	420
505	387
507	430
506	388
507	423
506	426
505	402
504	433
504	392
503	410
505	415
504	420
504	423
503	409
504	408
503	391
506	391
507	395
508	395
508	403
507	387
508	378
509	398
506	418
504	519
497	479
498	378
504	384
506	330
511	333
515	348
514	332
515	348
515	331
517	346
515	344
513	330
511	350
512	330
509	345
509	326
506	334
506	343
506	325
504	341
501	300
502	333
501	339
502	332
501	348
502	355
503	366
504	335
505	360
507	350
510	335
513	329
516	308
519	282
522	297
524	287
523	293
523	288
522	275
523	264
521	275
519	216
518	250
519	247
516	235
518	250
514	248
513	232
511	242
512	224
510	241
510	223
509	245
510	231
507	255
507	221
508	241
509	228
509	229
509	235
509	225
510	242
511	232
510	225
511	261
510	232
510	248
511	243
510	225
512	250
510	239
510	234
509	258
509	255
510	262
508	259
507	268
508	271
509	258
509	262
508	281
506	247
509	264
508	240
508	248
507	237
509	231
508	243
508	250
507	227
508	284
508	369
501	313
502	254
505	241
505	217
504	233
503	245
505	249
504	239
506	235
506	236
506	220
507	229
508	230
508	248
508	243
508	241
507	239
507	245
507	263
505	249
505	261
504	277
503	268
504	297
503	276
504	313
506	297
508	306
509	284
511	308
515	311
516	299
518	260
522	281
521	270
523	273
522	252
522	259
521	264
521	240
521	252
520	248
518	261
517	272
517	244
516	287
514	244
512	251
509	259
508	248
507	243
507	256
509	260
509	270
509	259
508	261
511	256
510	271
509	245
510	255
512	252
511	288
511	283
513	281
512	280
512	273
512	282
512	325
510	274
510	309
510	331
509	307
510	323
508	322
508	319
507	332
507	342
505	329
506	338
505	344
506	345
504	329
505	339
506	344
508	332
508	352
508	348
508	334
510	338
509	324
509	313
510	382
506	466
496	462
493	360
499	335
503	321
505	326
506	360
508	326
508	324
509	342
509	321
510	345
510	363
507	362
507	344
506	344
505	359
503	346
503	358
503	349
504	350
504	356
505	398
502	349
504	373
504	378
505	371
506	385
507	413
507	403
510	408
513	363
516	395
520	374
523	373
525	356
527	339
528	370
528	356
525	377
526	343
526	362
524	358
523	367
521	369
518	382
514	382
513	328
515	362
512	329
514	332
512	375
513	334
513	305
514	291
513	272
515	280
514	259
516	265
514	268
515	229
514	280
512	250
512	272
512	261
510	262
512	254
512	240
512	252
512	283
511	281
509	295
510	294
508	353
507	341
506	343
505	347
504	342
506	359
503	374
503	396
503	351
507	395
503	376
505	383
505	387
506	391
506	395
507	394
506	400
505	427
503	388
505	376
506	394
506	395
505	391
505	385
506	403
505	359
508	353
508	387
509	446
507	363
510	281
514	255
517	223
518	269
518	249
518	265
516	266
515	289
513	277
510	249
508	286
506	286
503	312
501	314
500	323
500	336
497	361
497	349
494	357
494	363
493	381
493	391
494	406
495	399
497	403
500	433
502	420
509	437
510	432
512	445
515	407
519	401
524	429
523	435
525	416
523	419
524	417
524	433
524	404
524	434
522	420
521	422
520	436
518	440
515	448
514	436
512	432
509	436
510	456
507	453
506	426
508	444
507	422
508	450
508	434
508	460
508	446
510	426
510	427
511	445
509	458
508	445
506	450
506	438
507	471
507	459
506	490
505	465
507	442
508	463
506	448
506	475
507	442
510	455
508	466
508	454
508	465
508	443
507	464
506	444
508	465
507	440
507	453
507	451
506	455
507	487
504	461
504	472
504	450
506	460
503	454
506	424
508	459
509	431
509	451
508	447
508	419
509	432
509	483
505	559
500	470
501	416
505	399
509	401
511	420
512	407
512	438
510	422
510	436
508	436
506	420
506	423
504	423
504	428
503	445
503	398
503	434
502	431
503	419
503	436
503	434
503	453
501	432
503	473
503	447
504	440
505	472
507	449
508	456
511	421
515	433
517	413
522	410
526	422
524	391
528	407
525	391
528	389
526	412
525	375
524	418
520	403
518	382
517	402
515	415
515	392
515	391
513	397
515	383
515	361
514	391
514	360
513	372
513	368
513	367
514	377
514	345
514	376
513	336
514	362
512	362
514	361
512	361
511	340
512	343
514	355
512	360
511	344
510	363
509	358
509	349
510	363
507	354
508	357
509	345
509	341
508	347
508	355
508	359
509	374
507	338
509	341
509	340
508	345
507	330
507	317
508	348
508	323
507	342
508	325
508	326
505	332
507	309
508	364
506	480
497	422
499	326
502	325
504	282
508	337
508	320
509	304
511	335
508	339
508	331
509	304
509	329
507	351
508	317
506	319
507	323
508	312
509	316
508	324
507	329
506	315
507	312
507	328
507	325
507	341
505	319
506	368
505	354
506	329
509	337
511	327
516	318
518	317
520	308
522	296
525	282
525	284
526	303
527	289
527	305
525	287
524	324
520	285
520	306
517	312
516	282
513	326
513	316
511	300
512	306
510	306
509	335
507	294
508	317
507	321
510	285
510	311
510	327
510	277
511	312
512	303
512	316
513	316
513	335
513	310
512	341
512	315
514	331
513	335
512	327
510	346
510	331
511	330
511	359
507	362
507	335
508	337
510	326
509	364
508	349
507	369
506	327
508	338
508	365
508	357
509	345
507	351
507	376
505	358
506	367
506	353
506	367
506	367
506	353
506	327
507	338
509	313
511	339
511	337
510	305
511	350
509	457
500	473
497	366
500	335
503	277
506	331
507	346
507	331
507	328
508	344
507	349
508	337
506	325
506	366
505	333
505	357
505	322
504	361
502	338
504	352
504	378
503	335
503	334
504	336
507	354
507	396
505	396
505	389
506	384
508	377
510	400
513	350
518	365
522	345
527	339
529	333
529	322
530	345
531	319
527	336
527	334
525	313
525	332
523	316
523	315
518	327
517	329
514	317
515	324
512	346
512	321
510	351
509	306
508	334
510	329
509	315
509	323
508	291
509	331
507	317
509	329
508	306
510	310
510	346
510	314
510	332
511	336
510	316
512	368
509	332
510	325
508	344
508	372
505	368
506	348
506	354
506	367
505	352
507	390
504	373
506	377
506	367
508	378
505	354
508	373
507	389
508	352
507	381
508	360
508	377
507	389
506	363
506	367
506	347
507	398
503	369
504	371
502	364
506	357
506	360
507	349
508	348
509	333
508	327
510	366
506	461
500	482
497	375
500	338
504	333
505	325
507	368
504	324
505	366
504	361
502	349
505	370
503	356
503	359
500	362
501	359
500	363
502	349
501	372
501	352
501	364
505	386
503	388
502	371
504	342
506	299
510	350
512	327
513	325
518	337
519	349
520	357
522	338
523	329
524	245
526	132
528	154
528	134
527	123
525	133
523	127
521	126
518	93
517	0
515	0
512	0
512	0
510	0
510	0
509	0
508	0
512	0
508	0
508	0
507	0
507	0
508	0
507	0
506	0
507	0
506	0
506	0
508	8
507	18
508	55
509	26
509	49
509	89
509	69
510	83
512	102
513	119
513	139
515	125
515	151
516	168
515	171
516	193
514	175
512	194
510	228
510	230
507	221
507	209
506	216
507	245
506	228
509	201
508	219
507	228
506	230
507	268
506	266
506	268
507	262
505	241
504	250
505	285
505	276
504	270
505	290
505	290
504	288
504	334
501	441
494	400
493	348
497	304
499	299
500	333
500	351
501	321
504	341
505	350
505	348
507	361
506	354
508	345
507	363
509	372
508	364
507	379
505	365
506	364
505	389
504	391
501	384
503	390
502	408
502	411
503	423
503	435
503	422
506	437
506	437
509	437
512	397
516	407
519	393
524	392
527	402
528	395
528	396
530	410
528	409
528	415
525	410
525	411
522	413
519	423
515	425
515	397
511	446
507	427
505	455
501	419
503	434
505	430
503	423
506	413
508	418
508	436
508	404
511	424
509	441
509	423
509	454
507	421
509	433
509	432
509	445
509	440
508	449
509	448
508	436
510	440
510	459
509	447
509	446
508	451
507	443
509	457
508	468
508	473
506	439
509	470
507	450
508	473
507	468
508	462
509	460
509	478
509	469
509	467
506	491
506	461
508	458
510	451
509	469
509	446
511	460
511	459
510	463
508	453
508	553
504	621
499	518
501	475
501	423
508	416
509	458
510	453
510	479
510	433
509	453
509	459
509	463
506	457
505	440
507	446
506	456
507	462
505	466
505	448
504	451
506	432
506	465
504	451
504	444
507	456
506	472
506	490
505	457
508	461
510	471
513	460
514	466
517	435
522	439
525	449
524	433
527	428
527	404
529	416
527	418
528	416
528	423
526	420
524	443
522	402
520	428
517	434
515	414
516	419
514	431
512	430
510	407
512	427
510	422
508	420
508	399
508	429
506	422
507	433
507	395
510	412
511	432
510	405
510	444
513	410
512	434
511	446
512	439
513	426
513	392
515	412
514	416
513	445
510	419
512	434
512	435
512	432
512	434
512	402
512	397
513	392
512	410
510	419
509	394
509	427
507	404
507	430
504	413
506	411
506	425
504	411
504	412
505	398
507	398
507	397
508	408
507	421
507	379
506	369
508	374
507	416
506	525
498	511
497	416
498	384
503	339
511	384
511	372
513	373
513	389
512	371
512	369
512	367
512	388
512	370
510	392
508	370
509	388
507	390
507	361
506	393
505	376
503	376
502	373
503	379
502	409
503	385
505	397
506	411
507	393
511	393
513	399
515	389
519	373
520	365
522	361
524	331
525	355
527	340
528	339
526	329
526	344
526	350
522	335
520	361
518	346
517	344
515	343
514	343
512	349
511	332
512	358
509	339
509	332
509	341
510	335
510	357
509	319
511	331
512	323
512	332
512	350
512	333
513	328
513	336
513	318
513	321
513	312
513	341
511	337
511	306
512	336
510	329
510	342
509	341
508	332
506	363
506	325
507	367
505	360
505	367
503	381
503	370
503	400
500	387
502	395
503	351
507	361
506	335
509	354
508	370
508	295
506	353
506	324
508	295
509	310
508	400
504	451
500	310
504	299
504	249
506	254
507	261
508	242
508	245
506	223
509	205
508	223
511	190
508	198
508	167
510	184
507	162
506	168
505	206
503	143
503	165
502	167
502	161
503	177
501	160
505	192
504	158
505	185
507	164
509	166
511	191
512	150
515	132
516	165
517	126
518	136
519	125
520	114
521	99
522	80
522	114
522	111
522	123
523	107
521	106
521	128
518	113
519	106
515	133
515	135
512	143
512	132
510	156
508	128
507	135
506	152
506	128
508	190
508	152
509	179
508	178
508	210
506	209
508	206
508	203
509	211
508	226
509	244
509	226
510	243
506	245
508	277
509	264
508	280
508	282
509	275
508	306
509	294
509	313
509	298
510	329
509	323
506	331
506	342
507	292
507	306
507	332
507	323
507	343
507	329
506	358
506	310
507	314
508	409
502	473
497	440
499	341
503	324
506	326
506	343
506	389
504	337
504	351
505	360
505	344
506	368
506	365
506	372
506	360
506	349
508	377
507	349
507	378
507	339
507	381
506	389
507	374
504	401
503	370
505	401
504	418
505	407
506	444
505	421
509	440
511	426
513	413
517	424
518	399
521	418
522	425
523	419
524	421
525	427
524	452
523	443
521	456
519	452
516	454
517	472
514	479
511	487
511	476
511	467
509	495
509	473
508	495
507	486
507	488
507	496
507	485
508	492
508	485
509	495
509	499
509	478
509	503
508	491
508	507
507	490
507	503
508	471
511	507
510	511
509	497
511	511
509	515
510	483
508	513
508	501
507	518
507	515
505	509
506	512
506	495
508	525
507	523
509	499
508	475
510	536
509	526
509	497
509	506
509	479
508	486
510	503
508	496
507	487
506	477
508	484
508	476
506	569
503	652
500	535
501	491
504	450
508	459
511	475
508	489
508	462
509	495
507	505
506	479
506	466
507	460
510	493
510	486
509	462
509	467
510	462
509	488
508	467
508	465
508	464
507	452
507	476
505	465
508	474
507	469
508	494
509	490
510	482
512	486
512	462
518	460
520	456
523	419
528	444
529	424
528	441
528	427
528	429
529	393
527	454
523	434
522	428
519	424
516	444
514	428
513	430
510	430
510	428
509	436
509	441
506	432
507	433
507	431
507	422
509	429
508	443
508	429
510	435
509	432
508	423
511	443
509	418
510	447
509	442
508	442
508	438
509	443
509	448
509	440
509	455
509	446
508	442
509	451
507	446
506	444
506	439
507	468
505	453
506	452
506	454
506	456
506	447
507	433
509	431
510	460
509	442
511	465
510	446
511	445
511	447
510	447
510	453
509	444
508	433
508	459
506	441
507	436
508	397
511	508
504	575
498	521
498	458
501	428
503	431
505	433
506	451
508	442
505	450
504	449
505	444
504	450
502	457
501	463
501	485
499	452
499	471
497	458
500	474
501	456
501	456
503	477
504	470
505	499
504	503
505	480
507	485
508	488
509	502
509	512
511	497
513	469
515	477
517	476
519	461
522	461
522	432
524	437
526	453
528	441
527	432
528	426
528	468
523	451
520	432
518	454
517	428
516	428
512	437
509	436
509	430
508	434
507	440
506	424
506	400
508	424
506	408
510	393
510	383
512	409
511	417
511	420
509	408
510	395
509	421
508	387
510	398
511	415
509	395
510	400
508	385
510	416
508	414
508	394
509	412
509	405
508	393
511	398
508	414
506	419
504	411
505	377
506	409
507	388
508	401
509	404
509	382
510	384
510	362
512	371
513	365
514	357
514	335
514	361
511	329
512	329
510	351
509	420
504	464
500	359
504	316
506	290
508	295
510	334
509	309
510	317
508	303
507	325
504	312
506	302
504	306
505	307
506	292
508	302
507	311
506	292
508	306
507	312
506	293
506	300
505	295
507	292
506	304
508	295
509	314
510	287
510	300
514	312
515	286
519	293
520	257
522	261
524	238
526	239
526	232
524	247
523	242
524	249
523	226
522	249
519	247
518	251
515	256
512	243
512	247
509	262
507	247
506	258
506	259
508	256
506	225
510	258
510	250
511	256
512	226
511	250
510	249
512	254
511	261
512	227
510	260
510	274
510	255
511	261
511	272
513	275
512	270
512	299
511	278
512	270
511	274
511	292
509	288
509	299
508	280
508	278
506	304
506	279
504	305
507	289
504	311
505	302
505	304
504	317
503	304
505	323
507	312
505	321
504	328
505	316
505	303
505	340
505	316
506	312
506	333
507	317
506	314
506	374
501	475
494	426
492	341
498	314
501	285
506	331
507	340
507	345
506	339
508	333
507	337
507	339
507	363
505	336
505	365
506	350
506	363
507	349
505	362
507	355
506	350
507	369
505	373
506	389
504	361
506	395
506	380
507	393
507	382
511	386
513	391
516	380
517	385
519	363
520	350
522	338
525	347
526	348
527	323
528	342
526	340
524	344
523	357
520	348
517	353
517	338
513	336
513	339
511	344
510	321
507	335
509	334
508	329
510	311
509	311
512	320
513	288
512	304
511	310
513	299
512	299
515	300
513	303
511	293
513	301
512	325
512	304
511	306
513	322
512	332
510	309
510	319
511	328
511	318
510	314
511	313
511	341
510	315
510	298
510	307
509	304
511	313
507	297
509	320
508	316
509	291
508	304
508	293
506	288
507	282
507	293
509	274
507	302
507	274
508	271
507	268
507	256
508	244
508	249
509	244
509	233
510	268
509	371
505	343
504	287
505	225
502	212
503	239
503	242
505	240
503	225
504	247
503	258
503	219
501	225
501	245
500	227
502	237
502	224
504	206
505	228
506	236
506	229
506	216
506	240
508	254
508	245
508	245
508	251
508	259
510	276
511	260
513	281
514	287
515	264
517	261
518	246
519	231
520	239
522	235
521	244
522	244
523	215
523	234
522	233
521	233
520	245
518	233
518	226
516	219
514	222
514	222
513	232
513	217
512	238
511	244
510	224
509	273
508	266
507	411
495	742
482	742
474	741
471	740
468	734
469	705
474	663
479	637
485	657
491	719
492	733
496	715
499	676
504	693
506	672
511	637
515	631
517	632
517	635
519	622
519	604
518	603
516	594
515	586
515	575
513	552
513	559
513	566
512	532
511	540
510	539
510	552
510	539
510	535
509	525
511	528
511	505
510	495
509	494
510	492
509	479
510	482
508	478
509	484
509	556
503	605
501	489
503	460
504	440
509	425
509	454
509	450
508	444
509	435
509	425
510	454
506	429
506	426
506	433
507	444
505	436
505	412
507	416
509	408
509	416
509	421
508	439
509	410
511	413
511	424
509	425
510	427
510	411
513	403
514	403
516	404
517	384
520	395
522	370
525	395
525	392
524	384
524	396
523	409
520	427
518	379
519	420
516	409
515	450
510	429
507	426
508	407
508	399
508	413
509	377
510	393
511	385
510	394
512	382
513	379
514	363
515	366
515	375
517	369
516	343
517	372
516	362
515	347
518	365
516	353
516	334
516	348
516	367
513	324
513	326
511	343
510	323
510	312
511	318
509	315
510	326
509	316
509	315
508	326
508	338
507	328
508	324
507	354
508	338
507	339
509	320
510	323
510	324
509	311
509	344
508	341
508	329
508	303
509	348
504	455
499	413
498	336
501	293
504	301
506	323
507	341
507	333
507	314
509	319
510	314
511	328
509	320
509	319
508	328
508	315
510	307
510	307
509	313
509	318
508	320
507	328
508	314
509	314
508	349
508	316
509	333
510	339
511	337
510	377
511	345
514	324
516	327
520	324
522	284
527	288
529	297
530	273
531	256
531	301
528	265
528	284
524	291
523	272
521	271
521	270
520	295
518	290
515	279
515	292
515	283
514	294
513	287
513	295
511	292
509	290
507	300
508	294
508	292
508	304
508	312
509	302
510	321
511	331
510	310
510	317
510	333
511	327
510	334
510	321
511	347
510	339
510	346
511	335
512	366
512	357
511	343
511	374
509	343
511	360
510	361
509	377
508	391
508	350
512	338
512	365
511	378
509	395
507	391
507	374
509	358
510	380
508	375
510	355
511	390
510	381
510	369
509	387
507	464
500	540
494	435
496	394
500	366
505	380
504	394
506	388
507	414
507	408
506	386
508	411
507	373
510	409
507	404
507	429
504	403
506	404
504	421
504	409
503	412
505	416
502	418
502	419
502	416
503	431
503	401
505	432
505	416
509	420
512	438
514	411
517	438
518	395
524	373
525	375
528	381
529	378
529	366
530	353
530	373
531	371
531	384
529	383
526	359
524	345
523	368
521	362
518	347
517	358
516	339
514	356
513	340
510	351
508	350
509	343
507	354
507	339
509	339
510	339
510	335
510	342
511	331
510	327
510	320
511	325
513	333
514	314
514	327
515	298
515	324
516	337
515	309
514	324
516	274
519	301
517	298
517	307
517	311
518	315
518	327
517	325
516	334
515	333
513	348
510	362
508	343
508	362
506	342
506	337
504	385
503	345
504	361
502	341
502	352
504	367
502	349
502	446
496	531
491	457
492	371
498	364
501	374
505	416
505	449
505	422
505	418
507	451
504	443
505	468
502	436
505	429
503	462
503	464
501	462
503	440
504	459
502	438
504	472
504	467
504	452
505	469
504	451
506	470
506	487
506	479
508	471
512	467
515	476
516	471
518	452
522	426
525	423
529	435
530	413
533	399
534	429
534	417
533	437
530	417
528	380
529	429
525	419
522	435
520	406
519	413
517	435
517	425
514	428
511	400
512	412
513	408
513	414
512	406
513	391
516	423
512	408
511	396
509	394
509	407
509	398
510	377
510	388
513	387
514	373
515	399
515	389
516	409
516	388
516	387
516	368
516	371
517	379
516	368
515	395
513	339
512	345
512	342
513	339
512	345
512	360
512	335
511	336
511	324
511	340
510	321
509	333
509	328
508	305
508	308
509	396
505	424
501	338
503	278
505	262
507	241
507	287
506	230
506	234
508	217
508	200
509	196
510	154
510	165
510	151
510	147
507	148
507	152
506	144
504	48
506	10
505	0
504	0
505	0
505	0
505	0
506	0
505	0
507	0
508	0
508	18
508	40
510	77
510	89
511	78
513	93
514	114
517	77
518	103
519	100
520	124
519	106
522	134
527	163
526	141
525	170
526	164
524	168
520	184
521	179
520	212
518	196
517	201
516	199
515	230
515	240
512	219
510	226
511	223
509	236
507	252
507	244
507	279
507	255
506	272
505	257
508	264
510	293
510	274
510	308
510	309
512	287
513	318
514	300
514	350
512	325
511	352
509	359
506	334
507	361
508	328
510	361
507	351
508	349
510	349
510	335
510	367
508	351
507	451
500	508
493	411
499	375
503	341
507	331
509	384
510	401
509	416
508	376
508	400
508	414
510	380
510	396
509	403
509	416
506	386
508	399
508	421
505	406
506	401
507	413
506	416
506	409
505	429
506	444
505	422
505	454
504	445
505	424
509	438
511	415
514	453
517	395
520	393
522	394
524	370
528	399
526	380
529	366
528	383
529	390
527	401
525	416
520	418
519	382
518	404
516	406
515	405
512	402
511	401
511	399
510	391
510	386
510	346
513	360
513	367
514	338
513	338
513	322
516	327
515	329
514	315
515	311
516	321
519	300
518	234
519	231
518	253
520	247
517	264
516	237
515	238
514	271
510	262
508	274
507	267
507	254
505	293
504	409
499	425
497	276
501	306
502	257
506	278
510	314
508	292
509	310
509	314
511	295
511	300
511	302
512	326
511	314
509	316
508	314
507	306
508	325
506	315
506	330
505	314
508	307
507	335
509	337
508	352
509	333
510	349
509	345
512	334
514	342
515	331
518	327
521	292
523	296
525	307
524	272
527	286
528	262
526	297
525	267
524	290
522	283
519	269
518	258
516	268
516	269
513	280
513	274
513	290
512	267
510	292
510	269
509	258
511	262
511	272
509	282
511	288
511	283
511	286
510	280
511	303
511	285
511	275
512	294
511	273
513	287
513	260
513	278
513	264
514	277
513	287
514	315
513	302
515	296
513	299
510	298
509	279
509	279
508	266
507	294
505	273
505	297
504	303
505	259
504	265
506	288
506	375
502	419
498	315
505	299
507	261
508	254
509	277
510	287
510	302
510	273
510	280
512	265
513	286
513	282
511	283
513	300
512	297
510	293
510	283
509	288
507	317
506	299
505	305
506	311
505	323
506	327
505	308
508	347
507	336
511	358
512	330
516	337
517	318
521	307
525	315
527	303
528	300
530	309
529	282
529	297
529	292
527	291
525	294
525	314
521	325
518	304
517	312
516	305
516	315
514	317
514	316
513	335
511	327
510	330
509	336
508	334
508	348
509	318
509	342
509	340
510	345
509	362
508	342
510	343
510	339
510	342
512	338
510	350
509	377
508	345
509	340
509	352
509	366
509	360
508	355
509	360
508	357
509	356
509	369
509	349
509	355
510	360
509	387
508	379
507	371
507	367
508	371
507	358
507	375
506	380
505	368
506	367
506	381
506	368
507	381
505	355
506	354
508	357
506	467
499	513
495	410
498	367
503	357
506	341
509	375
509	379
509	386
510	377
510	372
509	386
510	390
510	398
508	385
509	387
509	390
506	397
506	405
504	415
503	422
500	382
502	404
501	428
503	408
503	435
503	450
501	449
501	433
503	443
505	437
507	435
511	425
514	408
520	419
522	411
526	397
527	411
528	371
531	416
531	415
527	401
525	403
522	398
521	398
521	414
516	415
514	414
512	416
510	423
507	412
506	414
508	413
507	431
505	408
507	406
508	404
508	410
507	405
508	424
507	404
510	412
512	413
511	415
511	419
511	404
510	414
511	426
510	421
510	401
512	428
510	420
513	406
512	403
512	405
511	422
511	430
509	405
509	438
506	432
504	416
506	414
506	395
506	397
509	413
508	409
508	415
506	416
509	392
510	392
510	450
506	533
503	490
500	417
505	386
508	394
512	398
513	436
511	423
508	402
512	412
511	411
510	432
508	415
509	422
508	412
507	420
504	417
504	399
503	412
502	416
500	407
503	410
503	399
503	426
500	426
503	436
505	423
504	435
503	436
507	424
507	422
512	425
513	393
518	421
521	394
524	382
526	395
527	386
528	368
529	405
527	392
528	392
525	394
523	393
520	420
519	375
517	382
516	400
512	378
512	386
510	360
510	350
510	336
509	315
511	313
511	323
509	320
509	342
509	287
508	320
507	311
509	341
509	331
510	344
508	366
508	329
511	353
509	345
507	374
507	360
507	372
507	366
505	383
506	364
509	376
509	384
507	395
508	387
508	389
507	388
506	404
506	419
506	383
506	410
503	386
504	381
505	389
504	403
502	381
503	392
502	402
503	350
503	411
501	523
495	526
493	425
495	397
501	380
507	374
507	394
508	409
509	398
512	402
514	418
512	391
515	408
513	386
513	402
509	402
507	391
507	429
503	419
501	415
502	413
501	426
502	404
501	416
500	405
503	437
502	438
502	427
504	445
505	453
506	437
508	417
512	448
514	404
522	401
525	393
527	402
528	411
529	407
529	397
531	401
531	417
527	407
523	408
523	420
518	396
518	416
515	404
515	429
510	409
511	417
509	426
507	421
505	438
507	411
507	415
507	419
509	399
510	423
508	416
508	417
508	421
508	436
506	445
507	423
507	441
508	409
509	428
509	420
510	439
510	431
509	440
509	453
507	454
506	442
504	426
505	447
502	453
501	457
499	455
500	456
503	464
504	455
504	448
505	463
505	485
504	473
503	445
506	477
505	468
506	474
505	474
504	455
506	480
506	460
505	465
506	490
505	590
502	605
499	461
504	447
506	437
508	445
506	450
508	461
506	446
508	453
505	431
508	474
504	432
507	434
504	451
505	443
503	458
504	421
504	445
503	448
503	432
503	451
502	454
501	454
500	445
502	474
499	449
502	470
501	471
504	435
507	434
509	509
506	523
507	501
506	467
510	446
512	440
516	435
516	430
520	406
521	419
523	394
524	389
525	391
525	372
526	368
526	351
525	359
522	341
521	355
520	361
518	332
516	331
517	320
514	334
512	330
510	322
509	321
508	337
507	323
506	307
506	314
503	321
505	322
505	321
505	345
504	321
507	304
507	334
509	324
508	319
509	339
507	336
508	290
508	290
509	220
508	36
512	0
511	0
511	0
512	0
512	0
511	0
511	0
509	0
509	0
508	0
507	0
509	0
506	0
506	0
507	0
506	0
506	0
506	0
506	0
508	0
506	0
505	0
506	0
505	0
504	0
503	0
502	0
503	0
501	0
501	0
501	0
499	38
500	30
498	69
498	80
499	9
500	0
500	0
500	0
500	0
502	0
502	0
504	0
504	0
505	0
507	30
505	33
504	27
503	63
502	67
504	46
504	78
506	83
506	96
509	136
511	120
515	147
517	141
520	147
521	177
523	174
523	193
523	203
523	213
520	222
521	222
520	239
517	249
518	247
516	237
516	241
513	250
512	245
509	255
509	248
510	251
511	275
511	266
514	288
512	288
511	299
510	303
511	288
510	313
509	305
509	325
510	324
509	312
509	349
509	320
510	347
509	380
507	383
505	398
506	404
503	430
501	439
498	450
497	459
495	463
494	477
493	457
495	489
492	487
491	497
492	478
495	462
499	471
501	478
502	452
507	457
507	456
508	437
510	468
509	593
505	571
504	457
505	449
508	434
512	437
512	465
509	447
507	451
508	451
506	463
504	440
505	470
502	456
505	441
505	460
506	432
507	443
506	443
506	460
504	456
504	436
505	462
501	448
503	451
504	486
503	484
503	485
505	478
506	488
507	477
512	475
516	472
520	442
524	433
527	448
528	436
529	458
528	434
529	452
528	467
526	446
523	447
522	441
522	454
519	461
517	471
514	446
513	466
511	479
508	441
509	490
505	449
508	462
508	448
510	463
509	479
509	457
510	465
510	460
510	444
512	477
509	470
509	472
509	442
513	472
512	481
511	461
509	482
509	467
510	499
507	487
509	471
509	490
508	510
505	511
503	487
505	480
505	480
505	469
506	463
509	374
515	276
521	200
525	181
527	147
527	128
525	255
524	333
522	257
520	230
519	205
515	238
513	270
511	298
508	318
506	317
506	329
504	325
501	333
499	356
500	359
498	388
497	367
497	407
497	379
498	381
499	388
500	386
502	401
503	402
504	424
506	407
508	443
508	454
507	443
508	476
508	465
507	478
509	478
509	452
514	486
514	494
515	525
516	534
517	497
517	532
516	515
515	525
514	522
513	519
513	521
512	506
512	510
513	515
513	498
512	499
512	498
510	502
511	482
511	498
510	473
509	498
510	469
508	454
512	479
510	462
510	473
510	464
510	475
510	464
513	425
514	440
514	432
514	415
514	386
518	363
520	327
523	287
524	224
525	178
525	132
523	140
522	97
521	75
519	42
517	15
516	4
514	0
510	0
510	0
509	0
508	48
507	17
507	0
507	2
507	9
506	18
507	51
506	101
505	116
505	124
506	148
507	142
508	167
509	186
509	208
509	217
508	210
508	243
508	250
507	257
506	256
507	275
507	291
504	307
505	316
503	349
503	361
503	377
502	364
506	346
510	353
512	367
514	345
518	299
522	307
525	306
528	299
528	304
529	270
529	302
530	299
528	295
527	275
524	295
522	289
518	280
516	289
515	300
513	285
511	278
510	290
512	291
511	284
508	296
508	297
508	304
507	310
506	286
508	314
506	327
506	339
504	330
506	321
507	332
508	329
508	340
509	317
509	331
511	340
510	325
510	322
510	309
511	371
509	350
508	347
510	297
513	284
512	299
514	275
511	371
507	461
498	461
496	357
499	318
504	327
504	326
507	354
507	356
508	356
507	360
506	370
506	381
505	359
505	364
505	405
505	373
507	400
504	397
503	395
502	406
501	396
502	419
501	420
501	395
505	405
504	424
506	431
509	418
509	450
510	429
512	417
514	430
518	403
522	392
524	364
528	369
530	372
530	380
531	385
531	364
530	373
527	364
527	362
527	367
526	372
523	362
521	361
520	357
520	350
520	359
518	365
518	345
519	359
516	350
513	344
512	355
512	363
507	362
506	361
505	369
505	365
504	362
503	388
502	371
505	377
504	360
505	378
504	380
507	386
506	399
505	382
506	371
510	377
510	374
511	370
512	373
511	401
511	346
513	364
510	491
504	537
499	428
501	370
505	371
510	367
508	397
507	400
509	385
509	404
508	402
507	395
507	404
508	386
509	407
509	400
507	399
508	413
506	401
505	406
506	427
504	424
504	381
506	401
504	412
507	421
505	454
503	415
503	422
508	432
509	410
512	411
515	389
520	399
524	372
528	378
531	374
533	377
532	382
532	370
531	378
532	370
531	386
528	382
525	376
524	366
523	385
519	374
516	352
517	384
513	359
511	356
509	362
511	379
509	373
509	357
509	375
509	385
507	373
508	379
507	395
507	362
507	403
506	370
507	393
509	403
507	374
509	397
509	393
510	380
509	389
507	399
505	430
506	384
505	414
505	385
507	387
508	418
505	400
506	416
506	397
506	401
506	405
504	387
507	389
508	387
506	406
504	394
505	383
509	382
506	452
500	549
496	467
498	401
501	408
503	376
505	416
506	411
506	427
506	384
507	412
509	420
506	422
505	423
506	417
506	421
504	421
503	418
505	416
504	401
504	413
503	395
505	394
506	405
506	402
506	406
507	369
509	421
508	408
511	411
514	423
516	396
520	391
522	384
524	378
529	377
529	361
529	376
529	383
527	410
525	388
524	402
521	393
520	380
520	404
515	398
514	412
509	420
506	394
505	422
502	411
502	392
503	408
502	415
503	400
503	403
505	405
505	422
506	409
506	405
508	428
506	419
508	416
507	417
509	425
508	418
512	414
511	434
511	444
509	424
511	423
511	451
511	439
510	429
509	452
507	464
504	509
500	481
499	483
499	473
500	475
501	467
503	445
503	461
504	440
504	453
503	501
498	555
497	515
497	428
503	399
508	357
512	432
507	424
508	401
509	409
510	412
510	418
510	388
511	401
510	416
506	409
505	413
503	404
502	418
500	420
500	415
500	429
499	409
501	420
503	403
505	434
504	450
503	430
505	429
506	435
509	441
512	430
516	413
520	393
525	356
529	349
533	338
535	372
534	338
535	325
534	330
533	326
532	344
528	328
526	348
522	352
518	351
514	341
511	329
509	339
507	339
504	342
503	322
502	339
500	325
500	317
501	338
500	308
502	313
504	319
507	286
507	291
510	291
511	271
514	272
514	255
514	250
515	250
516	264
516	241
516	235
514	262
515	255
514	237
513	274
510	270
509	280
507	222
507	263
506	278
506	276
505	303
506	268
504	276
504	283
502	368
498	414
497	341
500	308
502	317
504	321
503	333
506	332
504	375
504	352
501	368
502	368
499	364
502	393
499	377
502	393
501	367
504	365
502	362
504	381
502	378
503	369
502	384
506	365
503	391
501	390
502	382
503	379
502	377
505	376
504	381
506	348
509	350
512	326
513	348
516	331
518	320
522	332
522	327
523	316
521	315
521	306
520	344
519	315
517	330
515	306
514	313
515	293
513	293
511	303
509	274
508	297
507	277
508	254
506	291
507	268
507	271
507	269
505	274
505	306
504	268
507	310
505	298
506	313
506	316
507	300
507	338
508	312
508	372
504	357
503	347
504	389
502	371
503	357
502	393
503	391
502	425
501	408
504	411
505	402
505	435
503	428
502	414
503	418
503	395
505	403
502	401
503	404
501	397
501	390
500	409
500	357
501	409
499	521
490	505
487	416
491	376
498	370
500	382
499	404
503	366
506	384
505	382
506	352
508	370
509	397
506	402
505	403
504	381
505	402
503	377
504	396
503	386
503	410
502	415
501	382
501	423
499	421
498	411
502	417
503	415
506	424
506	411
510	397
513	393
517	396
518	389
522	372
524	367
527	363
526	353
527	333
528	340
529	358
526	326
525	329
523	352
521	352
518	332
516	339
513	362
509	357
506	345
505	372
500	365
502	374
499	351
500	349
500	363
502	390
500	407
501	375
501	403
504	384
505	386
508	426
505	393
509	406
506	419
506	424
506	385
509	388
507	421
509	387
508	404
510	375
509	383
511	395
509	378
509	423
505	378
507	392
508	391
507	387
505	399
505	382
504	379
505	397
502	381
503	404
502	382
503	387
502	396
503	411
500	396
503	381
503	401
502	372
501	405
500	410
500	384
504	392
503	366
505	459
497	548
493	471
492	396
498	365
500	374
503	404
503	399
506	395
505	377
508	399
506	410
506	420
504	388
505	412
502	405
504	411
504	421
505	403
504	401
503	431
501	399
503	423
501	427
500	428
499	411
500	423
501	431
502	431
504	451
506	450
508	442
512	435
512	395
519	411
521	397
524	409
524	393
525	385
525	390
523	397
522	388
523	398
520	406
519	393
517	388
517	407
514	389
514	377
514	378
512	399
510	378
509	371
509	397
509	360
508	374
505	369
506	393
505	395
504	381
504	386
502	369
505	386
503	419
501	384
503	399
503	399
503	396
503	404
502	406
504	407
504	405
504	407
504	398
508	386
508	405
509	392
508	418
507	393
508	388
506	410
506	397
507	396
507	388
508	378
509	348
510	402
510	396
508	390
507	405
508	384
508	382
508	418
505	392
506	372
504	390
503	396
503	374
505	374
503	438
499	510
491	522
491	412
498	357
503	342
509	387
510	408
511	390
511	389
509	399
511	393
510	385
512	409
509	407
510	378
508	370
506	394
505	397
505	429
503	395
502	419
501	387
503	400
502	421
500	415
500	435
503	417
503	438
504	452
504	424
509	422
509	422
511	403
514	392
520	393
522	386
524	389
524	369
525	382
525	393
522	390
520	407
520	387
520	367
519	386
517	416
515	377
515	392
514	394
510	378
509	395
508	380
507	415
504	369
508	373
508	397
506	392
504	369
506	391
504	400
503	377
504	375
506	359
509	339
510	385
508	380
508	392
507	380
505	378
506	375
507	382
509	384
508	377
507	387
507	375
508	380
508	394
507	397
509	373
509	370
509	384
508	388
508	390
509	375
507	365
508	361
510	378
509	377
509	391
507	363
508	351
509	374
507	479
500	494
496	387
501	370
505	351
507	365
507	368
506	377
506	357
508	376
506	373
507	373
506	390
504	377
506	378
506	374
508	359
508	377
508	366
510	383
510	381
508	377
509	386
509	391
506	395
506	395
507	377
507	407
505	397
506	396
508	401
510	385
512	386
514	371
517	379
520	362
520	336
523	353
523	346
522	360
520	352
520	355
519	350
521	372
515	394
513	360
514	361
513	369
510	351
510	363
509	356
508	381
507	357
508	374
506	359
508	346
508	369
508	357
509	358
510	362
508	367
510	361
509	366
510	374
507	369
510	363
509	383
510	360
510	364
511	352
510	374
511	375
508	385
510	380
509	375
509	363
506	376
506	357
507	361
508	378
507	399
506	394
504	369
507	365
507	362
509	376
508	355
509	338
508	353
509	355
506	346
506	372
504	485
495	490
493	370
498	331
503	339
505	344
506	392
505	374
506	365
506	364
506	381
505	384
505	386
505	362
506	351
508	381
506	382
507	372
508	362
508	385
507	388
507	386
506	382
506	384
505	404
504	409
506	382
506	422
505	406
507	427
507	421
509	395
512	383
515	375
517	368
520	356
522	372
522	390
524	354
526	366
526	365
526	368
526	360
524	368
521	363
519	378
515	364
515	369
514	377
512	370
511	337
510	355
511	363
509	366
509	358
509	357
509	349
510	380
506	352
509	351
508	372
507	358
507	348
507	342
508	385
506	378
505	361
507	367
506	372
507	397
506	377
506	372
506	381
506	375
506	387
506	396
507	400
508	383
510	372
511	373
510	371
511	369
512	371
510	381
509	383
508	354
508	392
505	475
498	487
496	412
500	376
503	365
504	376
507	360
509	381
508	404
508	389
510	385
509	385
509	397
506	391
509	395
507	399
505	395
503	387
504	397
504	415
505	383
506	399
505	415
503	414
504	414
503	430
503	409
503	409
505	436
506	437
508	415
511	412
514	390
517	393
520	385
523	373
526	377
527	356
529	373
527	355
527	382
525	372
526	360
524	367
524	362
522	366
520	369
518	385
516	381
513	363
511	380
510	365
509	374
507	377
507	360
507	379
507	368
505	390
504	399
502	389
504	387
503	372
508	380
508	384
511	390
510	390
510	395
512	405
512	406
512	396
513	381
512	391
512	397
511	397
509	395
511	395
510	373
510	363
514	377
511	387
511	377
511	381
511	357
512	380
511	477
503	488
501	398
505	371
509	336
512	368
510	385
511	393
509	379
510	374
507	398
506	382
507	394
505	382
505	370
506	377
506	393
506	383
506	362
507	393
505	369
506	371
505	370
505	373
508	398
505	404
505	415
505	421
505	400
507	413
507	387
511	391
515	390
515	378
517	381
519	352
524	369
524	366
526	368
528	366
528	368
526	377
526	381
523	383
521	383
519	384
517	376
515	392
514	384
512	370
513	397
512	359
514	393
511	388
510	384
512	361
514	365
512	366
511	383
512	396
511	365
511	377
509	385
508	386
510	396
508	390
508	403
508	398
509	402
509	414
509	419
508	414
509	396
510	398
509	429
506	391
509	401
509	440
506	432
505	431
503	416
504	403
506	385
508	406
508	415
506	420
505	421
505	411
506	419
505	446
501	567
498	512
497	401
504	389
506	412
507	421
506	425
508	430
508	409
509	416
508	421
509	423
506	425
505	422
506	416
505	419
506	427
506	408
507	423
505	426
505	399
508	410
507	410
508	431
506	429
508	451
506	425
509	439
510	425
513	428
513	433
516	425
519	406
523	413
528	408
530	403
533	360
537	380
536	406
535	385
533	382
529	419
525	391
523	397
520	394
518	393
516	391
515	387
514	387
514	398
512	403
511	405
510	411
510	395
510	389
512	401
511	383
512	393
512	414
510	384
510	386
510	390
511	392
511	408
510	394
512	384
514	411
513	389
512	409
512	399
511	397
512	392
512	372
513	407
510	399
510	409
509	390
511	399
511	393
512	387
510	380
513	382
513	370
513	391
510	399
509	409
508	379
510	385
508	371
507	375
507	354
508	373
507	377
508	377
505	340
507	369
505	463
499	533
494	407
498	375
501	336
508	358
509	347
509	345
511	373
510	342
511	372
509	369
509	359
509	343
509	343
508	356
507	356
508	360
506	368
505	377
504	355
505	358
503	358
503	370
503	365
506	377
504	379
507	384
509	393
512	396
513	402
515	388
518	366
524	358
529	352
531	340
532	333
534	349
532	328
529	356
528	339
527	357
524	363
523	350
519	371
520	331
517	348
515	342
515	362
514	374
512	347
512	364
509	345
511	345
508	358
508	341
508	341
509	349
509	353
510	352
510	329
512	335
513	340
511	363
509	360
509	340
510	337
511	357
509	354
508	340
508	365
507	358
506	355
506	343
505	350
507	350
506	349
508	362
504	350
506	360
504	361
505	364
505	336
507	348
506	370
507	340
507	359
506	371
505	354
507	336
508	327
510	318
509	365
509	328
508	318
510	315
510	406
504	463
498	391
501	319
502	303
507	307
506	331
506	324
504	340
503	323
502	315
502	309
502	339
502	336
503	328
504	317
503	308
505	327
504	352
505	329
503	345
504	325
504	326
503	347
501	346
503	346
504	344
505	349
505	366
509	348
511	366
513	330
516	330
521	310
523	328
524	297
526	307
529	303
530	290
530	316
527	297
526	294
524	295
522	301
521	312
519	299
517	313
516	298
514	304
515	308
513	317
514	299
511	313
509	300
510	312
509	302
508	301
507	309
508	302
510	319
510	309
510	316
509	302
510	313
509	323
509	296
510	313
510	317
511	323
511	312
512	314
513	325
512	337
511	329
512	329
511	320
510	336
510	321
508	343
508	342
506	339
507	342
505	343
505	352
502	342
502	349
501	336
503	355
501	333
504	331
504	323
507	352
504	325
506	319
506	331
507	341
506	454
501	468
496	360
502	325
506	304
509	304
510	338
509	341
509	337
510	330
508	332
508	343
507	321
507	351
504	346
504	334
504	352
506	357
504	355
506	350
505	349
506	351
506	363
506	356
505	362
506	395
506	395
507	377
508	388
511	383
514	391
517	365
521	352
525	357
527	353
530	338
532	341
533	325
533	341
533	339
531	332
530	351
528	336
526	350
521	345
520	342
517	357
515	352
515	356
513	352
511	353
512	353
511	353
511	343
509	352
511	346
509	352
511	350
510	359
509	360
509	333
512	345
512	368
510	378
509	342
511	349
511	369
512	370
511	355
513	368
512	367
511	346
512	361
512	392
511	372
512	376
512	373
514	364
512	380
511	389
510	366
509	355
509	388
507	387
506	378
509	373
505	385
502	391
502	393
501	393
500	358
501	357
503	387
502	375
505	380
507	375
505	357
507	370
508	369
506	466
499	540
495	442
495	377
498	343
504	344
508	391
508	370
508	370
508	394
509	374
508	388
510	386
509	381
509	376
507	397
506	381
506	396
506	373
506	375
506	398
502	389
504	387
504	406
504	400
503	420
504	401
505	435
506	412
507	429
510	434
512	413
514	408
515	409
520	382
522	397
527	381
527	391
530	372
529	374
529	414
525	388
526	397
522	389
522	384
520	401
521	385
518	410
516	393
513	406
512	394
512	390
511	414
508	390
508	421
506	387
507	402
506	406
509	373
510	411
510	400
508	412
509	410
509	410
511	429
509	401
511	410
513	414
511	417
508	428
509	396
509	403
510	423
509	449
507	489
503	469
503	469
503	431
505	446
506	413
507	429
507	418
510	412
510	445
508	439
507	428
507	433
508	422
506	427
505	404
506	417
504	398
505	386
506	401
506	397
507	398
506	376
506	436
500	513
495	502
492	425
495	381
500	368
505	371
507	392
508	416
508	397
507	408
507	382
507	405
507	398
507	409
507	408
508	402
508	407
508	379
508	399
507	410
508	406
507	404
508	390
506	417
502	397
504	404
506	409
504	390
506	410
506	393
507	394
508	380
515	370
519	373
521	350
523	338
528	340
531	335
534	333
534	320
533	340
532	319
532	331
528	328
526	331
522	334
520	344
518	351
514	325
512	319
513	354
511	348
509	335
510	327
511	345
508	349
509	344
508	350
509	346
510	346
510	362
510	332
511	349
511	344
510	370
509	346
508	348
506	367
507	364
507	353
506	355
506	352
505	367
505	363
505	348
505	369
505	378
505	370
506	373
506	352
506	368
508	369
507	381
506	378
506	349
507	377
506	383
506	387
507	362
508	370
509	372
508	374
509	346
510	368
512	365
510	343
510	377
507	492
497	509
492	369
498	355
501	332
506	351
506	361
506	382
508	377
508	361
508	342
510	351
509	376
508	373
506	370
505	359
504	382
505	358
505	370
502	373
502	365
504	374
503	358
503	388
502	375
503	379
503	386
504	397
506	398
509	406
511	352
516	355
519	382
522	363
526	355
527	331
530	350
530	344
529	340
529	324
530	339
529	321
529	337
527	361
524	371
522	337
519	358
515	354
513	338
513	365
512	358
511	367
510	350
511	361
512	362
511	372
509	371
509	356
509	377
509	347
509	361
508	366
507	356
507	378
507	369
509	372
510	366
511	356
512	382
511	354
512	375
511	372
512	363
514	371
514	333
514	377
513	368
512	378
510	359
511	377
510	373
509	370
509	378
509	349
510	361
509	385
507	377
506	379
507	344
508	361
508	388
506	382
506	381
505	379
507	369
511	356
511	377
508	385
509	358
508	369
508	371
506	455
502	524
496	464
496	393
500	362
502	347
504	395
504	405
504	397
506	377
506	410
505	396
507	387
507	398
506	377
508	396
505	412
505	404
507	380
505	407
504	420
505	391
505	415
506	412
506	392
506	417
503	432
502	429
503	436
504	434
506	440
507	432
508	427
512	413
517	379
522	386
524	387
528	383
530	393
530	389
531	383
530	392
529	389
530	397
526	378
525	383
524	379
522	392
518	415
515	411
511	409
510	384
509	384
508	404
507	394
507	379
505	384
504	406
502	378
504	389
501	394
503	382
503	398
505	397
507	381
508	375
509	394
510	380
510	387
510	399
510	405
511	395
512	384
512	408
513	400
512	411
509	400
510	409
510	380
510	391
509	402
508	401
507	405
505	402
503	404
502	398
503	393
502	417
500	404
499	403
500	393
501	407
500	427
500	419
501	421
504	393
506	414
503	417
505	414
506	393
507	389
508	404
509	391
510	408
508	523
501	518
499	435
501	405
505	376
508	365
507	400
508	404
506	376
506	409
506	404
507	395
504	405
506	393
507	405
507	389
506	380
508	390
507	404
505	396
505	365
504	404
503	434
501	383
503	402
502	403
502	388
503	407
505	402
509	391
510	386
514	388
518	353
521	333
524	346
526	327
528	317
527	319
527	326
527	313
528	300
528	317
528	318
526	318
526	321
524	322
521	322
520	332
518	326
514	322
514	328
512	313
511	328
510	328
509	341
507	333
507	329
508	333
508	341
508	333
508	330
507	330
506	335
508	324
509	343
509	328
510	333
509	350
509	335
510	326
510	347
512	325
510	346
510	345
510	327
512	325
511	335
511	335
510	345
511	330
509	335
509	358
507	331
509	332
509	312
510	344
509	334
507	352
505	344
506	334
505	325
506	334
507	324
505	337
505	332
506	312
507	329
506	429
502	438
499	379
503	327
506	323
509	303
510	335
510	322
511	315
510	330
509	323
510	313
510	293
509	328
508	312
508	298
506	284
506	282
503	275
503	228
504	177
504	102
504	63
504	41
502	24
505	26
506	14
506	21
508	30
510	65
511	52
511	79
514	90
514	88
517	96
518	99
519	109
520	99
520	94
521	132
522	129
523	153
522	167
522	173
521	177
519	182
519	194
516	214
516	219
516	216
516	227
516	244
516	239
516	265
514	273
513	274
512	272
511	289
509	291
509	308
507	286
507	322
506	316
508	317
508	321
508	334
507	334
507	339
506	342
507	338
507	376
508	358
508	365
508	374
506	384
506	386
507	387
505	393
505	412
505	389
504	408
503	405
504	415
504	415
504	422
505	415
507	424
505	430
505	434
502	448
501	435
502	429
502	428
502	419
504	438
505	430
504	418
506	443
503	405
508	469
503	593
498	566
497	459
500	449
502	448
503	431
506	460
507	473
505	457
505	459
507	481
507	482
504	490
502	465
503	488
502	486
502	522
501	491
501	485
500	504
499	508
497	510
499	520
501	517
501	520
502	525
505	514
508	517
509	532
510	518
514	504
516	507
520	494
521	475
523	472
526	485
527	477
528	463
529	486
527	488
527	499
523	501
522	489
523	512
519	481
519	513
516	491
517	483
516	496
514	508
511	498
511	497
510	508
510	497
510	494
512	480
513	490
514	490
510	480
513	486
512	484
513	463
516	464
515	478
512	472
514	482
512	467
513	465
515	470
511	471
512	451
514	469
514	457
514	459
513	458
514	455
513	454
512	451
510	447
509	470
505	437
508	429
508	436
509	427
509	439
508	457
504	428
507	420
506	413
510	399
510	413
512	415
514	400
515	400
514	387
512	391
510	470
504	555
498	460
498	371
504	338
507	366
506	384
508	405
507	359
510	373
509	385
509	351
511	374
509	360
510	360
510	368
507	360
508	344
509	335
508	360
506	353
507	351
504	338
504	342
504	367
504	347
503	354
504	351
505	363
508	346
510	341
513	318
517	332
522	282
524	298
526	291
529	272
532	259
530	259
529	258
529	250
529	272
525	235
524	247
522	238
520	240
517	233
516	224
514	237
514	238
514	220
513	225
512	226
511	221
508	214
510	199
509	218
510	216
508	207
508	201
509	192
512	197
510	221
511	199
513	187
514	191
514	174
514	214
513	195
515	180
514	209
514	191
513	180
514	188
511	182
511	180
509	171
510	190
507	188
506	199
506	204
505	177
505	194
505	176
505	175
508	161
506	183
509	175
508	179
508	157
510	155
510	197
509	280
507	247
505	163
507	173
505	147
508	167
507	168
508	173
508	176
506	174
506	188
508	158
507	183
506	182
504	170
505	181
504	199
505	185
505	175
506	189
505	207
506	202
504	203
506	217
505	201
507	223
507	225
511	217
511	255
513	239
512	238
517	213
519	213
522	206
525	181
528	199
529	192
528	170
529	214
530	185
529	203
529	192
527	200
525	216
523	225
520	209
518	235
516	233
514	226
513	217
512	251
511	242
509	215
510	229
509	248
509	251
509	250
508	260
509	251
509	265
508	251
509	269
508	275
510	266
510	259
509	288
511	292
513	271
513	285
512	302
512	285
511	284
511	265
511	291
509	318
509	291
509	293
510	281
507	322
508	311
506	301
508	321
506	300
508	285
508	306
509	294
507	316
509	291
507	320
508	277
507	316
506	431
497	440
496	341
498	301
504	285
505	297
507	318
510	313
513	326
512	319
513	318
513	316
513	310
511	321
512	336
510	309
511	318
511	310
511	325
508	318
509	317
507	313
506	314
505	342
506	331
505	319
506	343
507	352
507	361
510	354
514	340
514	341
519	333
522	329
526	307
527	324
529	312
529	315
529	315
527	289
529	305
529	317
527	310
526	306
527	310
524	318
522	318
519	315
519	310
516	321
516	317
513	333
513	314
511	332
511	312
510	333
512	323
511	333
510	313
510	329
511	329
509	346
508	340
507	321
510	327
509	349
509	346
507	360
507	348
507	358
506	357
504	343
506	342
505	341
505	349
504	367
505	362
506	348
507	345
507	357
506	358
505	333
506	338
506	341
507	333
506	380
502	494
493	469
494	376
497	331
501	309
501	339
503	359
504	347
504	338
503	356
503	367
504	332
505	352
503	365
504	371
503	353
503	360
501	361
502	385
503	359
503	383
500	379
502	378
503	383
503	395
502	395
503	413
504	413
506	409
506	401
510	421
509	388
515	362
521	369
525	349
526	363
526	347
527	367
526	346
527	373
525	372
524	373
524	367
523	357
523	393
519	357
520	370
517	391
515	384
512	373
511	397
508	380
508	384
507	385
506	393
506	392
505	382
506	387
506	384
507	371
506	399
503	402
504	398
504	411
503	397
503	381
505	413
503	389
506	377
507	447
501	518
495	494
493	486
494	481
494	478
495	476
497	474
501	453
504	441
506	461
508	444
509	440
511	432
512	443
513	413
514	452
511	545
504	546
501	434
502	425
504	393
506	431
506	415
506	430
505	434
505	420
505	412
505	425
505	403
506	416
506	425
504	431
503	418
504	411
504	420
503	425
502	441
500	427
499	437
499	437
498	455
497	467
496	428
498	447
500	465
501	453
506	433
512	431
516	417
521	399
527	395
528	389
531	380
531	394
530	375
531	387
527	365
528	377
527	400
523	382
521	378
516	389
515	401
513	378
512	397
511	383
512	380
510	402
508	408
508	407
508	397
507	411
507	402
508	388
508	407
507	403
505	419
504	414
503	404
506	412
505	395
506	405
507	402
509	418
509	419
508	409
508	416
507	393
510	381
511	427
508	428
507	425
505	416
507	410
508	390
509	403
510	396
509	405
509	414
507	395
508	383
507	423
503	492
497	540
493	452
496	391
500	392
502	397
504	403
506	387
507	422
506	403
507	428
507	406
507	403
506	433
505	405
505	415
505	424
503	414
502	417
502	411
502	420
501	441
500	428
500	426
500	460
500	441
501	451
503	457
504	430
506	452
508	449
511	432
515	415
520	396
525	411
529	401
532	391
533	396
534	377
536	389
533	409
531	380
529	411
526	399
522	398
521	403
519	411
518	388
517	404
514	392
513	413
510	415
509	421
508	423
506	388
508	386
506	420
505	393
506	405
507	412
506	409
505	419
505	393
507	401
505	425
504	408
506	419
506	396
507	404
507	427
507	405
510	400
509	413
508	424
507	401
508	402
510	416
508	420
508	411
509	403
506	411
506	411
506	406
505	411
504	403
503	415
504	419
504	409
503	410
502	415
501	402
504	368
504	398
502	384
503	371
504	378
502	361
503	338
506	360
503	461
497	471
495	349
501	219
508	109
510	73
512	74
515	57
516	57
516	56
517	79
516	86
516	86
513	101
510	134
509	151
508	153
507	180
505	200
505	207
504	242
502	248
499	253
498	281
499	293
499	292
498	317
498	321
501	352
503	362
503	379
507	372
509	373
513	379
516	346
521	354
524	353
527	336
528	353
530	343
531	365
530	367
529	357
526	387
523	344
524	377
521	377
519	386
516	386
515	408
512	404
511	420
507	390
509	421
506	426
506	415
505	403
507	434
503	418
503	432
501	455
502	449
502	459
504	442
505	455
504	442
506	452
504	476
505	474
504	477
504	460
506	483
503	499
504	474
503	490
506	483
506	496
507	502
508	473
509	496
508	474
510	505
509	487
508	503
507	505
508	478
507	510
507	502
505	514
504	522
502	499
501	511
499	494
501	485
501	482
501	495
501	502
502	468
503	463
505	535
501	643
498	577
497	493
499	480
500	454
504	481
506	477
508	496
508	493
508	493
508	497
508	483
507	486
507	492
506	497
506	496
504	505
504	485
505	490
505	497
502	509
501	511
500	499
501	500
502	484
505	482
505	507
506	499
508	508
508	515
513	497
516	507
517	467
522	441
527	457
531	419
535	430
535	436
536	437
536	451
535	416
536	418
533	424
532	413
529	416
526	417
524	411
522	394
519	417
516	398
513	403
512	396
509	385
509	378
508	368
506	384
506	382
507	375
506	386
506	358
507	353
509	364
509	353
509	354
509	345
512	353
512	340
512	335
512	346
513	299
514	317
514	331
513	310
513	271
514	285
513	299
512	288
511	278
511	285
510	245
509	255
508	232
507	240
507	229
507	202
506	219
505	211
504	185
505	175
505	165
504	154
503	143
504	146
504	132
503	112
503	145
502	76
504	37
502	94
502	196
503	206
501	95
502	62
503	36
504	7
504	25
504	33
504	21
503	0
504	0
503	0
503	0
504	0
503	0
505	0
504	0
502	0
503	0
503	0
502	0
501	0
501	0
501	0
500	0
499	0
502	0
501	0
501	0
502	0
502	10
506	25
506	40
507	47
508	64
509	63
514	80
517	74
520	60
520	85
522	90
525	85
525	62
529	63
528	69
531	67
529	78
530	79
526	101
524	90
522	83
521	93
521	90
518	118
519	107
518	124
517	125
515	119
513	143
509	126
510	136
507	125
507	153
507	185
507	131
506	164
508	169
507	188
507	159
506	172
507	188
507	189
507	199
506	205
507	209
506	233
507	210
506	233
508	241
508	220
509	210
510	231
509	272
508	235
510	250
508	256
509	232
507	273
506	250
506	264
506	292
506	282
506	296
504	303
504	304
504	290
507	304
505	321
505	320
504	322
504	334
501	344
499	305
498	371
493	504
483	435
486	359
490	328
496	320
498	336
501	363
502	373
504	344
504	373
503	336
506	300
507	334
505	320
507	344
506	342
506	332
503	339
502	340
500	391
496	402
493	403
492	391
493	386
495	394
495	435
495	444
494	435
496	435
497	443
501	409
506	401
513	388
517	391
522	366
525	353
530	345
531	332
534	321
530	331
530	268
529	279
529	305
526	310
525	306
521	290
519	309
515	306
513	312
510	329
508	341
504	352
503	325
501	355
499	375
497	360
499	345
500	397
498	365
499	393
500	404
501	386
505	408
505	392
509	398
509	426
510	414
509	409
512	422
509	433
511	441
508	438
510	432
509	419
511	422
510	422
510	428
508	441
506	422
506	438
506	444
503	428
503	552
496	557
494	459
494	437
498	418
501	444
502	470
499	489
500	454
502	485
505	460
505	470
507	485
503	471
504	457
503	493
503	488
501	451
503	490
499	488
501	497
500	493
501	491
501	516
501	496
500	515
502	516
503	528
507	531
509	527
513	506
514	535
517	485
519	484
521	477
522	483
524	474
524	487
525	500
524	475
525	463
524	482
521	508
519	489
519	464
518	497
515	495
512	486
512	503
510	500
509	491
507	486
508	500
508	499
508	484
509	488
510	487
509	496
507	475
506	483
509	513
505	503
506	514
504	500
505	486
506	514
508	512
509	489
510	507
510	499
510	511
509	518
508	513
507	502
507	524
505	500
506	544
504	629
501	644
498	545
501	500
503	505
505	513
505	532
505	531
504	509
506	492
506	514
508	497
506	512
509	500
507	516
507	535
506	516
506	510
505	506
506	513
507	527
507	533
505	534
506	528
507	540
507	546
505	581
506	565
507	568
510	559
511	542
514	557
515	515
519	507
520	500
523	502
523	505
525	467
525	500
524	492
524	491
523	525
521	543
517	527
516	524
516	524
515	517
514	517
513	514
512	511
511	517
511	520
513	508
511	521
511	513
513	526
513	506
513	508
513	507
514	517
512	508
512	511
511	547
511	509
513	490
513	509
512	504
514	530
513	519
512	517
511	506
511	514
510	501
509	502
508	597
504	652
501	560
503	498
507	469
507	501
508	493
507	514
507	501
509	465
510	492
507	513
507	490
509	507
507	500
509	504
509	494
510	490
510	478
511	494
512	450
513	424
517	376
521	330
525	327
528	299
530	301
531	274
532	289
532	295
531	293
533	267
530	251
529	244
527	264
525	279
522	283
521	293
519	343
516	339
513	362
508	389
503	391
502	403
502	409
500	400
500	428
499	418
500	439
500	426
501	419
502	455
500	452
498	498
493	511
491	514
493	477
497	472
498	465
502	468
505	478
506	475
507	463
511	451
514	435
517	469
517	444
518	453
518	441
518	446
519	436
518	416
519	408
519	398
519	411
518	376
518	368
517	348
518	358
517	305
517	366
511	397
509	309
509	271
510	241
509	255
508	290
506	291
505	298
505	292
504	280
503	290
504	287
501	291
503	294
500	297
500	297
500	317
501	331
500	327
501	330
501	334
503	375
502	345
505	350
505	360
507	374
507	366
511	383
512	364
517	368
522	368
525	315
528	354
529	345
532	308
536	298
535	315
535	301
535	310
533	325
531	312
529	309
526	298
524	308
521	322
519	305
517	321
514	310
514	332
513	336
510	307
510	333
507	314
506	325
507	331
505	333
504	314
507	335
508	314
509	320
509	324
510	316
511	325
512	318
514	316
514	345
514	322
514	312
512	304
512	327
511	312
510	306
510	314
509	287
509	290
510	278
509	268
509	357
506	424
502	325
503	285
506	243
507	267
506	271
507	272
507	273
508	269
507	283
508	270
509	288
506	282
510	291
510	290
511	280
511	296
510	292
509	298
508	325
506	303
505	317
505	303
505	333
503	337
504	323
506	329
509	330
510	349
512	330
517	329
520	330
522	307
527	294
527	313
528	307
527	291
528	308
526	306
526	294
522	310
521	297
520	313
520	319
519	297
517	325
514	299
514	320
512	352
509	318
511	297
511	323
510	337
511	330
510	331
511	327
510	331
511	330
511	332
513	345
510	336
510	333
508	333
509	341
508	343
507	357
506	354
507	338
507	348
509	350
509	340
510	354
509	343
511	352
512	321
514	327
513	373
510	448
502	499
498	381
501	345
508	324
509	338
512	355
513	354
516	349
514	353
514	354
513	375
512	359
511	349
511	366
509	372
508	374
506	358
506	387
503	384
505	357
504	391
501	399
499	386
503	376
501	407
500	413
503	388
505	414
508	402
511	409
516	390
521	388
525	376
528	380
529	350
532	351
533	373
531	361
532	362
531	389
528	360
529	374
526	379
525	369
522	400
521	385
519	382
517	387
514	385
512	427
508	476
504	468
502	465
500	459
499	478
499	435
503	434
505	460
505	438
508	448
508	444
510	445
510	448
514	444
513	433
515	421
516	446
515	435
514	439
512	443
512	430
513	430
512	419
512	446
511	450
511	436
510	440
509	451
506	405
507	431
506	450
504	446
503	420
505	440
505	421
505	413
505	432
505	436
504	405
506	401
506	437
503	540
495	558
493	442
497	413
503	401
506	412
507	428
506	421
507	430
506	426
507	417
507	414
508	436
506	445
504	417
503	434
502	422
503	423
503	421
502	425
502	433
501	432
501	440
500	422
503	438
502	460
504	447
506	432
509	458
511	444
515	453
516	434
520	421
526	416
528	425
530	394
534	385
535	392
534	396
534	401
531	416
527	406
525	419
522	416
520	407
519	412
518	401
517	404
515	410
513	421
511	408
509	419
507	401
506	404
506	445
502	395
505	413
505	405
506	425
505	443
505	412
506	420
507	417
508	427
509	427
509	410
510	437
509	418
510	406
511	418
511	410
512	421
511	426
509	426
507	412
507	432
505	426
504	426
504	439
501	408
503	418
503	441
503	427
503	427
503	431
505	411
506	435
503	433
502	434
502	416
503	415
505	403
506	424
505	410
504	411
506	399
507	405
505	503
497	537
493	438
495	401
499	369
501	393
501	421
503	411
505	410
507	415
508	414
508	411
507	423
507	402
508	398
506	413
505	422
502	420
502	419
501	415
501	411
501	435
499	433
498	419
501	412
502	436
501	440
502	441
505	419
508	435
512	422
515	415
517	416
522	397
526	386
527	375
529	380
531	397
531	378
529	381
528	386
528	392
527	389
523	380
522	406
517	381
517	362
514	403
511	396
508	384
508	396
506	392
505	380
505	393
505	379
505	403
503	394
506	383
505	396
507	377
508	390
507	377
508	382
509	389
507	408
507	391
507	387
508	395
511	386
511	385
514	391
513	373
513	392
511	395
513	387
514	386
513	388
513	401
511	372
512	408
510	402
510	401
508	391
509	349
508	393
507	391
505	373
505	373
503	384
503	356
502	399
499	519
493	472
494	402
500	363
505	338
509	373
509	379
510	383
508	392
510	364
511	389
507	397
507	394
505	386
507	378
507	402
505	384
505	388
504	397
503	403
504	384
504	393
504	388
504	405
502	423
502	419
504	409
506	413
507	432
508	420
509	399
513	382
516	386
521	371
526	363
528	375
530	358
533	358
532	359
534	353
534	369
532	362
528	363
526	368
523	368
518	381
515	369
514	361
511	381
509	365
506	372
506	382
503	361
506	365
504	376
505	387
503	387
503	373
504	348
507	379
506	363
508	361
508	364
511	381
510	374
511	379
511	357
512	381
511	379
511	359
510	380
509	374
506	366
507	400
505	388
506	362
504	372
507	359
507	389
504	404
503	397
506	370
504	376
506	368
505	391
507	360
508	372
509	381
505	364
508	368
505	456
500	530
492	427
495	371
497	333
504	377
503	382
504	381
503	386
504	381
502	402
502	387
504	389
504	404
504	391
503	380
502	389
503	398
501	390
501	418
501	393
502	396
500	415
501	397
502	380
505	416
505	429
505	406
506	410
510	422
511	420
514	414
517	403
522	365
525	363
529	371
530	376
530	390
531	355
531	366
530	374
529	371
528	363
527	384
523	374
522	365
519	371
518	383
515	381
512	363
510	376
508	376
504	390
504	377
503	385
504	368
503	379
503	365
505	388
506	378
506	371
506	392
507	372
509	391
507	381
509	384
508	393
507	380
507	364
508	394
506	378
510	382
509	389
509	386
508	378
508	403
504	386
505	384
504	382
505	402
502	412
501	393
502	376
504	372
503	404
502	388
504	386
505	383
503	372
503	354
505	421
501	527
494	483
492	396
496	387
500	360
503	374
506	381
506	391
506	391
506	397
507	380
506	400
508	389
506	390
505	394
505	401
506	405
503	419
503	388
502	389
500	437
498	397
499	419
498	411
499	432
498	420
500	431
500	438
503	448
504	437
509	412
512	423
515	417
518	394
522	399
523	386
527	408
526	368
533	369
529	394
529	390
527	398
526	397
522	414
520	377
517	414
516	413
514	403
514	401
511	364
513	418
509	411
507	395
506	413
503	433
499	422
499	407
498	391
502	395
500	409
500	400
503	409
504	423
503	413
505	408
505	413
507	402
507	406
506	414
504	420
505	415
504	421
506	386
506	416
508	404
507	409
509	418
508	409
508	404
509	396
510	391
511	484
504	527
497	401
503	389
505	374
507	400
503	429
506	400
506	396
506	387
508	416
506	417
505	421
505	400
503	392
505	419
502	399
506	424
506	390
507	416
506	429
506	399
506	417
507	421
505	426
505	436
504	421
507	432
508	434
512	402
514	425
516	403
518	379
522	351
527	352
529	317
532	335
533	332
531	325
531	320
530	342
530	322
527	301
526	324
524	324
523	296
521	319
518	328
515	353
512	355
509	310
509	351
508	332
507	330
506	329
507	330
507	329
509	333
509	342
509	347
509	341
510	316
511	316
512	347
512	347
513	358
512	335
513	340
513	351
512	357
510	348
510	343
509	356
509	359
507	330
508	336
506	345
506	349
506	325
505	304
504	297
507	325
504	384
502	302
502	197
505	171
506	134
508	124
507	137
508	144
509	141
508	170
506	156
508	159
509	182
507	182
506	188
507	197
505	197
504	204
504	200
505	212
505	223
506	213
506	238
505	234
507	256
509	247
508	277
509	313
513	301
514	321
519	332
519	297
522	305
525	304
526	311
528	290
527	311
527	306
526	300
526	293
526	289
523	302
521	270
519	281
516	254
516	271
515	245
512	259
513	245
512	250
511	264
509	256
510	256
509	267
510	260
509	259
510	269
510	273
508	276
508	285
508	292
509	291
510	305
508	289
510	302
511	316
511	329
511	321
510	325
511	312
512	319
511	338
510	341
509	312
510	371
507	351
507	339
509	350
509	328
510	325
511	357
509	328
509	357
510	326
512	334
512	447
504	507
496	430
498	352
503	339
505	358
507	379
505	382
505	370
506	373
505	387
504	381
505	384
505	389
505	366
506	385
505	397
503	386
504	395
504	402
501	404
501	392
501	406
501	415
502	423
502	419
503	428
505	426
505	424
508	427
512	422
515	431
519	404
524	391
527	400
529	392
532	387
533	380
533	388
534	397
533	370
532	382
530	407
526	400
524	383
525	385
521	379
519	415
519	405
517	379
516	393
514	402
509	408
510	384
510	393
511	375
511	387
509	381
511	418
511	382
511	368
510	398
509	386
511	364
515	389
516	391
514	403
512	404
512	397
511	392
511	394
511	401
511	391
512	399
511	385
510	400
508	399
510	424
507	386
507	410
505	408
504	405
504	414
502	441
498	434
501	391
502	405
503	416
504	409
504	406
504	414
503	412
504	392
506	391
505	509
498	560
496	441
497	418
502	383
505	396
505	413
508	425
507	402
508	413
508	410
508	410
507	410
507	402
508	399
507	398
507	429
504	402
505	413
503	412
502	405
503	419
502	420
504	394
506	420
508	417
506	441
508	432
509	415
513	416
516	434
519	397
525	425
526	407
530	383
535	390
536	389
538	392
538	380
538	380
537	372
535	365
533	398
530	416
524	395
523	376
520	375
517	375
515	387
515	386
515	385
514	393
509	376
511	398
509	384
509	386
509	387
508	382
507	388
508	389
508	384
508	385
508	360
510	379
509	390
511	389
511	377
512	395
513	377
512	405
510	392
510	363
512	386
511	372
511	361
512	392
510	383
511	370
508	373
507	370
505	387
505	369
505	371
505	362
505	383
504	362
505	383
505	383
504	376
505	411
504	371
505	379
505	326
508	359
507	380
507	374
505	369
505	353
504	356
504	426
499	521
492	431
494	349
499	328
504	343
506	370
507	382
507	364
507	377
508	349
508	359
509	377
507	359
507	387
504	369
504	396
502	367
503	379
501	362
499	385
500	405
499	357
500	375
499	379
501	391
500	402
502	377
504	405
505	380
506	386
510	355
516	353
521	367
524	324
526	327
531	339
530	333
531	347
532	309
532	319
532	332
532	328
528	336
527	319
524	337
521	341
518	326
515	313
513	336
511	339
509	329
508	338
508	320
509	340
505	339
505	321
506	342
508	312
508	345
507	339
507	338
507	347
506	346
508	333
509	318
511	371
508	362
508	335
510	375
510	339
511	351
511	369
509	345
510	361
509	358
508	364
505	352
505	357
505	363
504	349
504	345
505	359
503	365
503	352
503	348
505	381
505	389
505	371
504	319
507	364
507	369
507	354
507	364
507	328
507	359
506	423
502	488
496	436
497	357
501	380
503	319
506	359
506	372
508	396
505	371
506	351
506	380
507	371
505	364
506	383
504	387
504	383
503	372
503	392
500	383
500	381
500	381
499	372
499	395
498	371
498	407
498	418
497	378
501	397
502	421
504	412
509	393
515	375
520	385
523	374
526	349
530	364
532	361
531	333
530	345
530	367
527	358
526	355
523	369
522	353
519	380
517	359
515	361
515	363
512	361
511	372
509	366
508	381
507	362
506	357
508	354
507	333
508	339
508	349
508	344
508	348
505	354
505	356
507	336
506	371
505	347
505	358
505	379
505	337
506	375
506	379
506	375
507	355
507	359
507	399
505	357
506	383
505	364
506	394
504	386
505	389
504	386
505	388
505	415
506	405
502	395
502	386
501	364
501	413
499	383
499	380
499	392
499	387
498	385
499	467
494	539
490	430
494	388
498	384
499	387
502	411
503	411
503	386
505	416
505	416
503	421
502	393
503	430
502	425
500	413
499	425
500	412
500	414
501	419
499	434
499	441
498	434
498	424
497	424
499	451
497	448
497	433
499	451
501	453
504	447
506	442
510	416
515	428
519	392
524	391
527	415
528	388
529	413
528	390
527	398
525	401
522	411
520	403
518	383
517	424
514	416
513	399
511	390
511	418
508	413
507	398
505	443
504	405
506	388
508	400
508	390
508	415
507	411
507	392
509	402
507	420
506	412
506	394
505	410
506	394
508	404
509	415
506	411
506	425
505	404
505	417
507	397
507	383
509	427
507	386
508	405
508	384
509	386
508	381
510	349
512	478
505	492
500	395
502	389
503	350
505	392
506	387
503	412
503	376
505	383
505	414
505	391
507	417
504	405
505	367
507	396
507	414
506	416
505	400
503	404
503	413
502	413
500	424
502	409
504	426
503	415
504	431
502	424
503	421
506	439
508	386
510	399
513	397
517	395
521	374
525	363
528	363
529	375
530	345
532	362
533	375
531	396
529	367
526	371
525	382
521	365
520	375
515	380
513	391
511	377
509	400
506	385
506	368
505	381
505	388
506	370
506	367
506	373
508	383
506	361
508	386
508	345
508	375
507	376
509	361
509	364
511	367
511	389
509	395
508	357
509	361
510	369
512	361
510	324
513	373
512	396
510	379
510	356
509	397
505	517
495	500
491	378
495	356
500	340
504	371
504	366
505	361
507	373
507	371
507	383
507	368
509	371
508	365
507	392
505	378
506	368
508	397
507	360
508	383
506	391
507	380
506	385
505	397
504	409
503	394
504	410
504	409
505	409
507	410
509	368
514	376
518	393
521	361
525	352
526	352
528	355
530	360
529	327
530	348
530	376
528	349
527	350
526	358
521	361
520	363
516	359
514	329
512	359
512	358
510	354
510	364
508	365
508	354
507	352
510	361
507	365
507	347
507	337
508	361
507	338
509	337
509	363
509	370
506	352
510	351
512	333
514	343
512	363
512	361
511	350
513	353
511	353
512	357
509	371
509	380
506	357
509	363
507	328
508	350
507	361
508	345
508	346
508	354
505	347
508	337
507	430
499	522
491	383
497	356
500	339
503	317
504	376
504	357
505	344
507	355
506	357
508	341
508	337
509	362
506	343
509	349
507	365
506	364
505	365
506	361
502	369
503	345
503	355
503	383
502	375
504	371
503	380
506	394
507	375
511	377
512	396
516	368
520	366
525	345
528	323
531	363
532	350
534	314
535	312
534	342
532	320
532	324
528	347
526	332
523	351
521	330
517	327
517	343
514	348
513	340
510	333
512	351
511	363
510	340
509	365
509	333
511	332
510	342
509	342
509	345
509	336
510	366
507	336
508	361
509	349
511	351
508	367
510	324
512	349
514	353
513	347
513	380
510	338
512	355
510	369
510	333
508	353
509	349
509	366
510	352
508	351
507	366
505	385
503	372
502	359
502	382
500	376
502	345
502	368
502	372
503	359
504	418
497	544
491	522
486	496
486	545
483	627
482	639
483	496
489	461
493	473
499	441
504	484
505	464
506	470
508	456
507	454
508	460
508	441
510	471
506	453
506	427
506	463
506	434
505	446
505	418
503	466
501	447
501	450
502	456
501	449
503	460
503	461
506	454
509	446
513	439
515	460
518	433
521	421
526	417
527	401
531	411
533	394
534	387
534	385
533	393
530	406
528	390
526	407
524	416
520	414
519	379
519	403
517	413
515	391
513	394
511	403
511	405
510	414
508	391
509	407
507	380
509	376
511	404
509	395
509	392
508	383
509	408
508	386
510	386
509	395
512	400
510	389
512	361
513	403
511	399
510	375
511	396
511	391
512	395
508	383
510	374
510	397
509	392
508	402
509	373
509	405
507	398
506	397
504	401
504	389
505	382
506	389
503	371
507	393
506	391
506	400
507	370
505	410
501	487
496	453
498	377
502	363
506	351
508	354
509	388
509	393
508	376
507	383
508	359
509	389
507	400
505	399
505	376
504	394
504	372
505	391
505	387
506	391
506	377
504	370
507	324
511	301
512	248
516	166
518	95
521	0
520	0
522	0
523	0
526	0
527	0
527	0
527	0
526	0
528	0
529	0
528	0
527	0
526	0
525	0
524	0
522	0
523	0
521	0
520	0
520	0
519	0
517	0
517	0
516	0
516	0
516	0
514	0
514	0
513	0
512	0
511	0
509	0
509	0
508	0
506	0
508	0
508	0
507	0
507	0
506	0
507	0
508	0
506	0
507	58
507	118
508	167
509	191
510	210
510	238
510	260
510	305
509	309
510	341
509	382
507	420
504	419
500	435
498	435
497	459
493	486
491	487
490	512
490	531
489	530
491	548
492	550
496	494
499	551
500	535
503	536
505	518
506	483
510	441
515	446
517	552
513	573
512	490
512	489
513	470
511	516
509	527
506	551
505	554
504	548
505	581
501	595
500	618
498	586
499	600
497	631
497	613
497	658
495	619
496	630
499	662
496	650
499	662
498	653
501	656
503	669
506	689
507	676
510	680
513	690
516	656
519	672
522	666
525	644
528	645
529	622
532	630
530	629
530	645
528	637
530	640
528	666
525	624
524	656
521	634
519	647
517	639
514	652
514	639
512	634
512	654
510	645
510	646
509	638
511	618
510	636
510	626
510	624
510	636
509	632
509	619
509	634
509	626
508	617
509	606
509	646
508	596
510	617
509	627
508	593
509	626
508	601
508	614
507	607
507	604
507	620
507	608
508	613
508	602
508	585
507	616
506	594
509	609
507	575
508	591
509	602
508	584
507	576
510	562
510	601
508	562
505	546
508	561
505	535
507	560
505	537
507	550
505	535
505	512
505	533
505	620
502	668
500	567
500	527
503	500
503	482
506	525
504	512
505	509
504	496
504	505
505	514
505	500
503	481
504	482
506	499
506	479
506	494
507	527
505	484
506	476
504	501
505	484
505	495
508	490
508	485
510	500
511	496
512	496
514	516
514	510
515	460
521	478
521	468
524	443
527	437
533	428
535	428
537	429
535	418
536	419
534	424
533	439
530	408
530	424
526	406
524	398
522	416
521	379
519	423
515	403
514	376
514	388
513	379
513	389
512	378
513	374
514	384
513	376
512	383
513	381
510	375
512	369
512	354
514	378
513	362
512	391
511	359
511	355
510	374
509	375
508	384
508	354
507	380
507	366
505	366
506	366
506	368
505	361
505	368
504	360
505	373
504	362
505	363
506	359
506	369
506	365
506	354
507	370
505	367
506	368
505	371
505	374
504	377
504	369
505	362
505	338
507	365
506	366
505	329
507	335
507	324
506	413
500	488
493	424
493	378
497	321
500	314
502	328
504	347
502	326
504	322
503	335
503	317
505	354
503	323
504	309
503	316
505	315
505	341
504	281
505	322
503	311
504	291
505	321
503	320
502	329
502	285
503	327
503	332
504	322
505	309
508	316
510	321
513	288
516	242
521	243
524	191
527	184
528	156
530	164
529	167
528	133
527	172
525	148
524	127
522	151
520	135
520	139
517	139
517	139
515	147
515	154
512	169
511	144
508	164
508	172
506	153
508	169
507	157
508	194
507	170
507	183
506	181
506	199
507	202
508	206
507	203
509	210
507	221
508	213
508	227
508	215
509	219
508	233
505	249
505	247
504	254
505	246
504	261
504	243
505	250
506	274
507	285
508	278
508	273
508	302
508	290
507	291
506	301
504	274
505	290
504	291
504	300
504	302
503	287
502	287
502	301
503	374
499	442
495	358
497	330
499	300
502	307
504	342
505	371
503	376
504	377
504	401
503	382
504	398
502	405
502	416
500	415
500	406
501	403
502	425
498	404
499	426
500	390
500	411
502	387
503	373
504	397
504	394
507	395
508	389
512	398
514	398
516	373
521	375
525	358
529	358
531	350
534	352
533	343
534	351
533	363
531	354
530	366
525	354
523	366
520	367
518	367
516	379
513	366
511	385
508	374
508	388
505	388
505	383
505	383
505	380
507	365
507	395
507	390
507	395
507	376
507	404
507	392
509	364
510	406
510	394
511	395
511	381
513	413
512	414
510	386
512	394
512	402
509	412
509	407
508	408
505	411
505	392
505	418
503	399
504	415
502	411
502	412
503	412
503	406
504	406
507	396
507	416
507	443
505	396
505	420
505	427
505	411
507	429
506	403
508	409
509	410
510	383
510	396
508	450
504	573
497	518
495	442
497	390
501	382
503	403
504	434
504	411
504	399
507	426
506	433
507	395
509	445
506	402
507	427
505	421
504	429
503	425
504	410
504	443
504	429
503	444
502	426
504	437
502	446
503	445
504	449
502	460
503	469
506	432
511	439
514	445
519	418
523	404
528	417
531	386
533	371
535	397
535	407
533	363
535	264
536	13
538	0
538	0
537	0
535	0
534	0
533	0
530	0
526	0
526	0
524	0
522	0
519	0
517	0
513	0
511	0
509	0
508	0
504	0
504	0
503	0
500	0
502	0
501	0
502	0
502	0
501	0
501	0
502	0
504	0
503	0
504	0
504	0
505	0
506	0
506	0
507	0
507	0
508	0
506	0
506	0
508	0
506	0
506	0
508	0
507	0
509	0
508	0
509	0
510	0
509	0
510	0
510	0
510	0